{
  "keyframes": [
    {
      "matrix": "[-0.9998117813508571,-0.019401079145925194,0,0,0.01367758877244064,-0.7048584407239287,0.7092161180526035,0,-0.013759558037904386,0.7090826303529132,0.7049911332026777,0,-0.014982102638285073,0.77208502756461,0.7676299985527613,1]",
      "fov": 50,
      "aspect": 1,
      "properties": "[[\"FOV\",50],[\"NAME\",\"Camera 0\"],[\"TIME\",0]]"
    },
    {
      "matrix": "[-0.8739307294857179,-0.48605049126665884,5.551115123125783e-17,0,0.33949183446889436,-0.610414662432823,0.7156390390524872,0,-0.347836706501061,0.6254189474475984,0.698470304153321,0,-0.37874219679191923,0.6809877785881998,0.7605297901132861,1]",
      "fov": 50,
      "aspect": 1,
      "properties": "[[\"FOV\",50],[\"NAME\",\"Camera 1\"],[\"TIME\",0.08333333333333334]]"
    },
    {
      "matrix": "[-0.19846744698112562,-0.9801074800698106,-1.1102230246251565e-16,0,0.695195860115245,-0.1407740990805344,0.7049009640415372,0,-0.6908787075655313,0.13989989470785802,0.709305738658099,0,-0.7522636758272456,0.15233008035755027,0.7723279591702996,1]",
      "fov": 50,
      "aspect": 1,
      "properties": "[[\"FOV\",50],[\"NAME\",\"Camera 2\"],[\"TIME\",0.16666666666666669]]"
    },
    {
      "matrix": "[0.45143997205616493,-0.8923014914421745,0,0,0.6309926144728275,0.3192365932111856,0.7070617498038355,0,-0.630912253891676,-0.3191959365734266,0.7071518097016639,0,-0.6869691684513038,-0.3475566780773456,0.769982652394312,1]",
      "fov": 50,
      "aspect": 1,
      "properties": "[[\"FOV\",50],[\"NAME\",\"Camera 3\"],[\"TIME\",0.25]]"
    },
    {
      "matrix": "[0.9006642633237774,-0.4345156899024907,0,0,0.3072685564583133,0.636906363743025,0.7070617498038356,0,-0.3072294240196759,-0.6368252500114926,0.7071518097016638,0,-0.3345269340398751,-0.6934075376578448,0.7699826523943114,1]",
      "fov": 50,
      "aspect": 1,
      "properties": "[[\"FOV\",50],[\"NAME\",\"Camera 4\"],[\"TIME\",0.33333333333333337]]"
    },
    {
      "matrix": "[0.97552000086653,0.21991072713572932,-1.3877787807814457e-17,0,-0.14872878386163438,0.659758190295242,0.7366131136420168,0,0.1619891254387295,-0.7185808252583575,0.6763143653735395,0,0.17638195187108222,-0.7824271425191563,0.7364052835025471,1]",
      "fov": 50,
      "aspect": 1,
      "properties": "[[\"FOV\",50],[\"NAME\",\"Camera 5\"],[\"TIME\",0.41666666666666663]]"
    },
    {
      "matrix": "[0.727825477732966,0.6857624034334193,5.551115123125783e-17,0,-0.45289757935009417,0.48067726577633807,0.7508882398763539,0,0.5149309240874984,-0.5465155919120732,0.6604292931233375,0,0.5606828311674931,-0.5950738147906837,0.7191088134986787,1]",
      "fov": 50,
      "aspect": 1,
      "properties": "[[\"FOV\",50],[\"NAME\",\"Camera 6\"],[\"TIME\",0.49999999999999994]]"
    },
    {
      "matrix": "[0.20351087351174701,0.9790726859444533,0,0,-0.6421102846916323,0.13346958484743632,0.7549041344527689,0,0.7391060185492451,-0.15363119982011247,0.6558351529051457,0,0.8047760109717305,-0.1672814197815836,0.7141064812948379,1]",
      "fov": 50,
      "aspect": 1,
      "properties": "[[\"FOV\",50],[\"NAME\",\"Camera 7\"],[\"TIME\",0.5833333333333333]]"
    },
    {
      "matrix": "[-0.4952721727065861,0.8687378631914794,1.1102230246251565e-16,0,-0.5657363585593035,-0.322529369738108,0.7588920728670172,0,0.659278277775445,0.3758581257786524,0.6512164169764164,0,0.7178555297788908,0.40925333519700063,0.7090773680375123,1]",
      "fov": 50,
      "aspect": 1,
      "properties": "[[\"FOV\",50],[\"NAME\",\"Camera 8\"],[\"TIME\",0.6666666666666665]]"
    },
    {
      "matrix": "[-0.9431839055211646,0.332271154880834,-2.7755575615628914e-17,0,-0.2125087137237402,-0.6032265985866889,0.7687377428935145,0,0.2554293776317137,0.7250610666638297,0.6395641349004686,0,0.2781244239073203,0.7894831570793739,0.6963897740354967,1]",
      "fov": 50,
      "aspect": 1,
      "properties": "[[\"FOV\",50],[\"NAME\",\"Camera 9\"],[\"TIME\",0.7499999999999999]]"
    },
    {
      "matrix": "[-0.9838504713067948,-0.17899231857651673,-1.3877787807814457e-17,0,0.11738942316957256,-0.6452435514010331,0.7549042871141329,0,-0.13512206865391113,0.7427129386687599,0.6558349771830584,0,-0.14712774172640233,0.8087034080065614,0.7141062899597408,1]",
      "fov": 50,
      "aspect": 1,
      "properties": "[[\"FOV\",50],[\"NAME\",\"Camera 10\"],[\"TIME\",0.8333333333333333]]"
    },
    {
      "matrix": "[-0.6861787227257639,-0.7274329938066041,0,0,0.4686436064684062,-0.4420658315445891,0.7648208749093321,0,-0.5563559387610818,0.524803811059287,0.644242989331606,0,-0.6057884820846482,0.5714329297927555,0.7014843473585477,1]",
      "fov": 50,
      "aspect": 1,
      "properties": "[[\"FOV\",50],[\"NAME\",\"Camera 11\"],[\"TIME\",0.9166666666666666]]"
    },
    {
      "matrix": "[-0.1756144472614134,-0.9844590219572719,0,0,0.6501655759801331,-0.11598092526710091,0.7508882398763539,0,-0.7392187022278927,0.1318668232009816,0.6604292931233374,0,-0.8048987066596647,0.14358326585339445,0.7191088134986757,1]",
      "fov": 50,
      "aspect": 1,
      "properties": "[[\"FOV\",50],[\"NAME\",\"Camera 12\"],[\"TIME\",1]]"
    }
  ],
  "camera_type": "perspective",
  "render_height": 1080,
  "render_width": 1920,
  "camera_path": [
    {
      "camera_to_world": [
        -0.9998117813508569,
        0.013677588772440638,
        -0.013759558037904386,
        -0.014982102638285073,
        -0.019401079145925194,
        -0.7048584407239283,
        0.7090826303529132,
        0.77208502756461,
        0,
        0.7092161180526037,
        0.7049911332026777,
        0.7676299985527613,
        0,
        0,
        0,
        1
      ],
      "fov": 50,
      "aspect": 1
    },
    {
      "camera_to_world": [
        -0.9969330064490054,
        0.05495554442747414,
        -0.0557177600880311,
        -0.06038538619052465,
        -0.07825763640449288,
        -0.705218371883751,
        0.7046579243164826,
        0.7636890073261327,
        -0.000568328188344569,
        0.7068570832171884,
        0.707356162699357,
        0.7666132843704095,
        0,
        0,
        0,
        1
      ],
      "fov": 50,
      "aspect": 1
    },
    {
      "camera_to_world": [
        -0.9906096898155917,
        0.09579547901103386,
        -0.097548288783062,
        -0.10569334371852895,
        -0.13671573090465872,
        -0.6999025591067634,
        0.701031537578024,
        0.7595660383499037,
        -0.001118645011622274,
        0.7077850195905887,
        0.7064270059082451,
        0.7654120157203186,
        0,
        0,
        0,
        1
      ],
      "fov": 50,
      "aspect": 1
    },
    {
      "camera_to_world": [
        -0.9809943908943362,
        0.13541098312891933,
        -0.1389743526047527,
        -0.1509631708368391,
        -0.19402990716327234,
        -0.690298356692291,
        0.6970226494699684,
        0.7571522898785742,
        -0.0015492449975832577,
        0.7107404901903239,
        0.7034525964441068,
        0.7641369252831319,
        0,
        0,
        0,
        1
      ],
      "fov": 50,
      "aspect": 1
    },
    {
      "camera_to_world": [
        -0.9681838540989903,
        0.17385002882385567,
        -0.1799894223002276,
        -0.19625206315999638,
        -0.25023357493172893,
        -0.6777402800781972,
        0.691412518498482,
        0.7538839311547949,
        -0.0017839952107334411,
        0.7144538335242323,
        0.6996803106588155,
        0.7628987457394932,
        0,
        0,
        0,
        1
      ],
      "fov": 50,
      "aspect": 1
    },
    {
      "camera_to_world": [
        -0.9520154349339294,
        0.21188914741188353,
        -0.22083840439703048,
        -0.24161721630254182,
        -0.3060449038722233,
        -0.6632728147001142,
        0.6829390090583709,
        0.7471971314212169,
        -0.0017687457146056962,
        0.7177549459870362,
        0.696293550917818,
        0.7618082097700458,
        0,
        0,
        0,
        1
      ],
      "fov": 50,
      "aspect": 1
    },
    {
      "camera_to_world": [
        -0.9318894834170064,
        0.2508901874647849,
        -0.2619849318771411,
        -0.2871158258790167,
        -0.3627393448215948,
        -0.647459837012438,
        0.6702357250805326,
        0.7345280599204911,
        -0.0014691545818375788,
        0.7196178661551644,
        0.6943687552699231,
        0.7609760500554332,
        0,
        0,
        0,
        1
      ],
      "fov": 50,
      "aspect": 1
    },
    {
      "camera_to_world": [
        -0.9065752456811013,
        0.29268476176516184,
        -0.3040673513363801,
        -0.3328050875039621,
        -0.42204331746120477,
        -0.6301926046991946,
        0.6517182820581185,
        0.7133128858952683,
        -0.0008729860204775011,
        0.7191612553613516,
        0.6948426632572966,
        0.7605129992762988,
        0,
        0,
        0,
        1
      ],
      "fov": 50,
      "aspect": 1
    },
    {
      "camera_to_world": [
        -0.8739307294857184,
        0.33949183446889436,
        -0.347836706501061,
        -0.37874219679191923,
        -0.486050491266659,
        -0.6104146624328233,
        0.6254189474475984,
        0.6809877785881998,
        2.775557561562892e-17,
        0.7156390390524872,
        0.698470304153321,
        0.7605297901132861,
        0,
        0,
        0,
        1
      ],
      "fov": 50,
      "aspect": 1
    },
    {
      "camera_to_world": [
        -0.8288855066790436,
        0.3949095939439391,
        -0.3962262351592314,
        -0.4279650028096903,
        -0.5594171493829376,
        -0.5837064229577201,
        0.5885059598459232,
        0.635646841148126,
        0.0011268512295422861,
        0.7094598116940355,
        0.7047449934532137,
        0.7611969282703182,
        0,
        0,
        0,
        1
      ],
      "fov": 50,
      "aspect": 1
    },
    {
      "camera_to_world": [
        -0.7672008365798693,
        0.4575650293824941,
        -0.4494853949099416,
        -0.4817209688577709,
        -0.6414028863343433,
        -0.5448053090230998,
        0.540175446185976,
        0.5789150042172632,
        0.0022833644305072236,
        0.7027242838741536,
        0.7114586193872665,
        0.7624820279246536,
        0,
        0,
        0,
        1
      ],
      "fov": 50,
      "aspect": 1
    },
    {
      "camera_to_world": [
        -0.688544570679147,
        0.5213499178305273,
        -0.5040839586481319,
        -0.5373817119012408,
        -0.725187279613595,
        -0.4919995242503406,
        0.4817051770783372,
        0.5135246782783265,
        0.003127886651221462,
        0.697230759014217,
        0.7168399298375866,
        0.7641914844669401,
        0,
        0,
        0,
        1
      ],
      "fov": 50,
      "aspect": 1
    },
    {
      "camera_to_world": [
        -0.5954005917112255,
        0.5795997616702009,
        -0.5563831877957572,
        -0.5923188489051807,
        -0.803421747984483,
        -0.4265831302636667,
        0.4153797393229594,
        0.44220827381403055,
        0.003410316038225808,
        0.6943276958657908,
        0.7196509018254763,
        0.7661316932878248,
        0,
        0,
        0,
        1
      ],
      "fov": 50,
      "aspect": 1
    },
    {
      "camera_to_world": [
        -0.4931396008913799,
        0.6269420462107371,
        -0.6031227111672918,
        -0.6439039968346707,
        -0.8699448445900257,
        -0.35295544699093595,
        0.3444102492822544,
        0.3676982013070903,
        0.0030498203105299992,
        0.6945258261090962,
        0.7194613092193012,
        0.7681090497779558,
        0,
        0,
        0,
        1
      ],
      "fov": 50,
      "aspect": 1
    },
    {
      "camera_to_world": [
        -0.38873699432124975,
        0.6609624221180082,
        -0.6418817849058943,
        -0.6895087726547915,
        -0.9213462277530592,
        -0.2772381660646433,
        0.27250711528751215,
        0.29272687124022,
        0.0021628340872153484,
        0.6973289581144679,
        0.7167479656920568,
        0.7699299493279802,
        0,
        0,
        0,
        1
      ],
      "fov": 50,
      "aspect": 1
    },
    {
      "camera_to_world": [
        -0.28885716064630995,
        0.6825947542129935,
        -0.6712867809396031,
        -0.7265047933306227,
        -0.9573716565305292,
        -0.2052003254436283,
        0.2033035604946941,
        0.2200266940961354,
        0.001025677991690011,
        0.7013966267089767,
        0.7127704539512882,
        0.7714007873285457,
        0,
        0,
        0,
        1
      ],
      "fov": 50,
      "aspect": 1
    },
    {
      "camera_to_world": [
        -0.19846744698112578,
        0.695195860115245,
        -0.6908787075655313,
        -0.7522636758272453,
        -0.9801074800698106,
        -0.14077409908053454,
        0.13989989470785824,
        0.1523300803575505,
        -2.7755575615628914e-17,
        0.7049009640415372,
        0.7093057386580991,
        0.7723279591702996,
        0,
        0,
        0,
        1
      ],
      "fov": 50,
      "aspect": 1
    },
    {
      "camera_to_world": [
        -0.11394918027440619,
        0.7027464885983276,
        -0.7022556208942097,
        -0.7670628169202925,
        -0.9934863145027537,
        -0.08111897250559104,
        0.0800290896822706,
        0.08741452135204307,
        -0.0007260926432778452,
        0.706800597808433,
        0.707412459409018,
        0.7726955508705524,
        0,
        0,
        0,
        1
      ],
      "fov": 50,
      "aspect": 1
    },
    {
      "camera_to_world": [
        -0.029259055513106445,
        0.7062550065516053,
        -0.7073526513637118,
        -0.7735243228801967,
        -0.9995711581389064,
        -0.021513095903616004,
        0.019866718941167816,
        0.021725217665037454,
        -0.0011863757105112123,
        0.7076305903686144,
        0.7065815877074917,
        0.7726811274932484,
        0,
        0,
        0,
        1
      ],
      "fov": 50,
      "aspect": 1
    },
    {
      "camera_to_world": [
        0.05550793150614239,
        0.7054277417474992,
        -0.7066049608606869,
        -0.7725368749142382,
        -0.9984573136625923,
        0.0382499962656021,
        -0.040248361200938776,
        -0.04400385633398211,
        -0.0013646734368387148,
        0.7077489943183989,
        0.7064626661810982,
        0.7723813029989876,
        0,
        0,
        0,
        1
      ],
      "fov": 50,
      "aspect": 1
    },
    {
      "camera_to_world": [
        0.13983971400589323,
        0.6999108936923317,
        -0.7004067356026438,
        -0.7649891542296969,
        -0.9901733206141028,
        0.09792900476230448,
        -0.09983338705215715,
        -0.10903872627553204,
        -0.0012843406056263357,
        0.7074847354657668,
        0.7067274577601628,
        0.771892691348369,
        0,
        0,
        0,
        1
      ],
      "fov": 50,
      "aspect": 1
    },
    {
      "camera_to_world": [
        0.22284616436193405,
        0.6894720019718696,
        -0.6891791824526304,
        -0.751769842033853,
        -0.9748531057109273,
        0.15688085292135812,
        -0.15827135013143426,
        -0.17264541779012746,
        -0.0010046466710977727,
        0.7071186297104393,
        0.707094218758361,
        0.7713119065019928,
        0,
        0,
        0,
        1
      ],
      "fov": 50,
      "aspect": 1
    },
    {
      "camera_to_world": [
        0.3033447611102614,
        0.6741535768101381,
        -0.673423277575891,
        -0.7337676195339862,
        -0.9528806723390161,
        0.21415599430174598,
        -0.21483862405856036,
        -0.23408995650828435,
        -0.0006165952508414286,
        0.70686219659756,
        0.7073510124623905,
        0.770735562420458,
        0,
        0,
        0,
        1
      ],
      "fov": 50,
      "aspect": 1
    },
    {
      "camera_to_world": [
        0.3799915866839976,
        0.6543793538360001,
        -0.6537538185911858,
        -0.7118711679373765,
        -0.924989912335343,
        0.26864205487661025,
        -0.2687472947389926,
        -0.29263836806051846,
        -0.00023691186670823927,
        0.7068373982924584,
        0.7073760218214328,
        0.7702602730643645,
        0,
        0,
        0,
        1
      ],
      "fov": 50,
      "aspect": 1
    },
    {
      "camera_to_world": [
        0.45143997205616504,
        0.6309926144728275,
        -0.6309122538916762,
        -0.6869691684513038,
        -0.8923014914421746,
        0.3192365932111857,
        -0.31919593657342665,
        -0.3475566780773456,
        2.7755575615628914e-17,
        0.7070617498038355,
        0.707151809701664,
        0.769982652394312,
        0,
        0,
        0,
        1
      ],
      "fov": 50,
      "aspect": 1
    },
    {
      "camera_to_world": [
        0.5198438812261043,
        0.6040441271394764,
        -0.6040637645315998,
        -0.6577376246823319,
        -0.8542612000759965,
        0.36789016088371007,
        -0.36728004515584084,
        -0.3999145763714898,
        0.0003757612256424515,
        0.7069565205818997,
        0.7072569100477105,
        0.7700999585956977,
        0,
        0,
        0,
        1
      ],
      "fov": 50,
      "aspect": 1
    },
    {
      "camera_to_world": [
        0.5873013764960445,
        0.57251833013045,
        -0.5721012627415643,
        -0.6227627465501496,
        -0.8093676126684886,
        0.4163766138135508,
        -0.4141914811201127,
        -0.4508695246431511,
        0.001077371413644307,
        0.7062954602245451,
        0.7079163525000922,
        0.7706047175950259,
        0,
        0,
        0,
        1
      ],
      "fov": 50,
      "aspect": 1
    },
    {
      "camera_to_world": [
        0.6523953532122184,
        0.5362802734501227,
        -0.5355219616555108,
        -0.5827985247317254,
        -0.7578766015776808,
        0.4633470891495564,
        -0.4592739180028607,
        -0.49981920635405924,
        0.0018329997736579178,
        0.7054877343263273,
        0.7087197590211063,
        0.7712864449645561,
        0,
        0,
        0,
        1
      ],
      "fov": 50,
      "aspect": 1
    },
    {
      "camera_to_world": [
        0.713712366615493,
        0.49564285758825727,
        -0.4949270809542138,
        -0.538598949904028,
        -0.7004347843223409,
        0.5074557558576679,
        -0.5018762484499928,
        -0.5461613049659442,
        0.002402218022621111,
        0.7048594282327999,
        0.7093429465215696,
        0.7719346562765478,
        0,
        0,
        0,
        1
      ],
      "fov": 50,
      "aspect": 1
    },
    {
      "camera_to_world": [
        0.7699906616026388,
        0.45133109064938776,
        -0.4510151080152023,
        -0.49091801274402563,
        -0.6380498812353692,
        0.5475257343939341,
        -0.5413944211311327,
        -0.5892935039405354,
        0.0025942436781751232,
        0.7046387846191956,
        0.7095614512571276,
        0.7723388671032597,
        0,
        0,
        0,
        1
      ],
      "fov": 50,
      "aspect": 1
    },
    {
      "camera_to_world": [
        0.8202514108035456,
        0.40437710427218065,
        -0.4045575121231086,
        -0.4405097039286876,
        -0.5719986134365245,
        0.5826934568095666,
        -0.5773092079795811,
        -0.6286134867395623,
        0.0022823894248432397,
        0.704945028304877,
        0.709258272963206,
        0.7722885930169515,
        0,
        0,
        0,
        1
      ],
      "fov": 50,
      "aspect": 1
    },
    {
      "camera_to_world": [
        0.8638832543669412,
        0.35596619807830254,
        -0.3563618787834375,
        -0.3881280141349808,
        -0.5036901125070812,
        0.6124990538399426,
        -0.6092135747074083,
        -0.6635189368247558,
        0.0014118735731917242,
        0.7057853603404179,
        0.7084243302867003,
        0.7715733495898821,
        0,
        0,
        0,
        1
      ],
      "fov": 50,
      "aspect": 1
    },
    {
      "camera_to_world": [
        0.9006642633237772,
        0.30726855645831364,
        -0.30722942401967623,
        -0.3345269340398756,
        -0.43451568990249123,
        0.6369063637430249,
        -0.6368252500114925,
        -0.6934075376578444,
        -2.7755575615628914e-17,
        0.7070617498038356,
        0.7071518097016639,
        0.7699826523943113,
        0,
        0,
        0,
        1
      ],
      "fov": 50,
      "aspect": 1
    },
    {
      "camera_to_world": [
        0.9322937219786656,
        0.2564115052213847,
        -0.2551108699159461,
        -0.2773807157591842,
        -0.3616977857147595,
        0.6574487764173959,
        -0.6610112088280419,
        -0.7187140331965328,
        -0.0017685497467890277,
        0.7085296369082756,
        0.7056788404468568,
        0.7672809156417092,
        0,
        0,
        0,
        1
      ],
      "fov": 50,
      "aspect": 1
    },
    {
      "camera_to_world": [
        0.9593661216026268,
        0.20089089504834154,
        -0.19814008430353086,
        -0.21497452384066792,
        -0.2821436224173771,
        0.6745009226256661,
        -0.6822341839180487,
        -0.7401983770781887,
        -0.003408966168012839,
        0.7104163241816742,
        0.7037734189963868,
        0.7635676353538874,
        0,
        0,
        0,
        1
      ],
      "fov": 50,
      "aspect": 1
    },
    {
      "camera_to_world": [
        0.9803438017978414,
        0.14141874348330657,
        -0.13757459528618401,
        -0.1489787176092134,
        -0.19724561386355327,
        0.6866264190494955,
        -0.6997416155087939,
        -0.7577460672840393,
        -0.004494228314696521,
        0.7131233411233078,
        0.7010241809359974,
        0.7591349498186175,
        0,
        0,
        0,
        1
      ],
      "fov": 50,
      "aspect": 1
    },
    {
      "camera_to_world": [
        0.9940151989000496,
        0.07949086170512379,
        -0.07493321867551038,
        -0.0810636563897078,
        -0.10913793677982718,
        0.6927031848933048,
        -0.7129173924053995,
        -0.7712426017953113,
        -0.004763938616042573,
        0.7168287804936747,
        0.6972329627497641,
        0.754274997323671,
        0,
        0,
        0,
        1
      ],
      "fov": 50,
      "aspect": 1
    },
    {
      "camera_to_world": [
        0.9997806567263983,
        0.01721979665252914,
        -0.011921285122731301,
        -0.01289969950703826,
        -0.02052449708392301,
        0.6922470627053984,
        -0.7213686638572543,
        -0.7805734785932322,
        -0.00416934709324426,
        0.7214551148747882,
        0.692448650634704,
        0.7492799161568192,
        0,
        0,
        0,
        1
      ],
      "fov": 50,
      "aspect": 1
    },
    {
      "camera_to_world": [
        0.9978386693438801,
        -0.04300280955335397,
        0.04968650050620097,
        0.05384279371390802,
        0.06564780362635325,
        0.685634900088915,
        -0.7249794132657144,
        -0.7856241956590287,
        -0.0028906471715691158,
        0.7266743026628791,
        0.6869760563573871,
        0.7444418446058336,
        0,
        0,
        0,
        1
      ],
      "fov": 50,
      "aspect": 1
    },
    {
      "camera_to_world": [
        0.9891986633126885,
        -0.09891569317215139,
        0.1081743506782602,
        0.11749346394824389,
        0.14657512706760492,
        0.67413788282654,
        -0.7239156353217313,
        -0.786280250973928,
        -0.0013178108763706035,
        0.731952048007534,
        0.6813548728761474,
        0.740052920958486,
        0,
        0,
        0,
        1
      ],
      "fov": 50,
      "aspect": 1
    },
    {
      "camera_to_world": [
        0.9755200008665301,
        -0.14872878386163463,
        0.16198912543872984,
        0.1763819518710826,
        0.21991072713572976,
        0.6597581902952419,
        -0.7185808252583575,
        -0.7824271425191563,
        -2.7755575615628914e-17,
        0.7366131136420168,
        0.6763143653735395,
        0.7364052835025471,
        0,
        0,
        0,
        1
      ],
      "fov": 50,
      "aspect": 1
    },
    {
      "camera_to_world": [
        0.9578974593826901,
        -0.19347560924148405,
        0.21213119981941442,
        0.23143640379539723,
        0.2871097377348406,
        0.6437606428077693,
        -0.7093237859183622,
        -0.7738764796467142,
        0.0006751340747015445,
        0.7403643855564395,
        0.6722054156235406,
        0.7333801163437558,
        0,
        0,
        0,
        1
      ],
      "fov": 50,
      "aspect": 1
    },
    {
      "camera_to_world": [
        0.9363050859018109,
        -0.2354656812952036,
        0.2605545989741655,
        0.28464541511711844,
        0.35118666242966523,
        0.6259902230942341,
        -0.6962788009999611,
        -0.7606565730491469,
        0.000845130708796743,
        0.7434326825763155,
        0.6688102363387305,
        0.7306482714438366,
        0,
        0,
        0,
        1
      ],
      "fov": 50,
      "aspect": 1
    },
    {
      "camera_to_world": [
        0.9109419489028248,
        -0.27524602648564434,
        0.3072855197255273,
        0.33592930013579014,
        0.4125340106975132,
        0.6065672611816271,
        -0.6796262558792472,
        -0.7429779727185005,
        0.0006750903253926187,
        0.7458657939378129,
        0.6660959102761168,
        0.7281863888745403,
        0,
        0,
        0,
        1
      ],
      "fov": 50,
      "aspect": 1
    },
    {
      "camera_to_world": [
        0.881885469829196,
        -0.3132743184549145,
        0.35233112195880073,
        0.38520837315095763,
        0.4714635819032099,
        0.5854644329150056,
        -0.6595100368686637,
        -0.7210512286468208,
        0.00033021679828920686,
        0.7477236114956647,
        0.6640100087865742,
        0.7259711087076178,
        0,
        0,
        0,
        1
      ],
      "fov": 50,
      "aspect": 1
    },
    {
      "camera_to_world": [
        0.8491246413211571,
        -0.3498981390970467,
        0.39567491171116737,
        0.4324029484621671,
        0.5281925239670732,
        0.5625453977016622,
        -0.6360466438477381,
        -0.695086890826153,
        -0.000033563507883138666,
        0.7490754086079067,
        0.6624847402713427,
        0.7239790710148195,
        0,
        0,
        0,
        1
      ],
      "fov": 50,
      "aspect": 1
    },
    {
      "camera_to_world": [
        0.81259097406548,
        -0.38534048729743386,
        0.4372740762001459,
        0.47743334036896257,
        0.5828343087224155,
        0.5376020448805167,
        -0.609334234978104,
        -0.6652955092485437,
        -0.0002782865049656136,
        0.7499978334566464,
        0.6614402258458113,
        0.7221869158678965,
        0,
        0,
        0,
        1
      ],
      "fov": 50,
      "aspect": 1
    },
    {
      "camera_to_world": [
        0.7721886872464676,
        -0.4196902018023126,
        0.4770584511354048,
        0.5202198631708893,
        0.6353932213415056,
        0.5103919351641438,
        -0.579461410960786,
        -0.6318876339060389,
        -0.00029250955862333844,
        0.7505732522749093,
        0.6607871876842222,
        0.7205712833385994,
        0,
        0,
        0,
        1
      ],
      "fov": 50,
      "aspect": 1
    },
    {
      "camera_to_world": [
        0.7278254777329654,
        -0.45289757935009467,
        0.514930924087499,
        0.5606828311674936,
        0.6857624034334201,
        0.4806772657763379,
        -0.5465155919120727,
        -0.5950738147906831,
        -1.1102230246251563e-16,
        0.7508882398763538,
        0.6604292931233376,
        0.7191088134986787,
        0,
        0,
        0,
        1
      ],
      "fov": 50,
      "aspect": 1
    },
    {
      "camera_to_world": [
        0.6781187923826343,
        -0.48536415377884556,
        0.5518845365147159,
        0.6001664248364759,
        0.7349522181687264,
        0.44744823823826396,
        -0.5095442189902095,
        -0.5541219439463206,
        0.0003747350886353086,
        0.7511402747317033,
        0.6601425204072181,
        0.7178954113434848,
        0,
        0,
        0,
        1
      ],
      "fov": 50,
      "aspect": 1
    },
    {
      "camera_to_world": [
        0.6220956695116149,
        -0.516744222728079,
        0.5881941739358263,
        0.6393226126687148,
        0.7829410166470607,
        0.41002392149797035,
        -0.46785013439251383,
        -0.5085177370183626,
        0.0005851722504600921,
        0.7515688871132037,
        0.659654353049275,
        0.716994426564595,
        0,
        0,
        0,
        1
      ],
      "fov": 50,
      "aspect": 1
    },
    {
      "camera_to_world": [
        0.5605147684940248,
        -0.5459204366858819,
        0.6227311387017561,
        0.6770333909835176,
        0.8281441750056675,
        0.36890813868310274,
        -0.4220000125800365,
        -0.45879847940120966,
        0.0006478458706672408,
        0.7522484044662804,
        0.6588792896074843,
        0.7163336662781025,
        0,
        0,
        0,
        1
      ],
      "fov": 50,
      "aspect": 1
    },
    {
      "camera_to_world": [
        0.49434937769296566,
        -0.5720674921027199,
        0.6544902422908092,
        0.7121807561001899,
        0.8692631053532318,
        0.3248244496212394,
        -0.372653633552546,
        -0.4055014564892656,
        0.0005885968347872639,
        0.7531453122788214,
        0.6578539291865654,
        0.7158409376000994,
        0,
        0,
        0,
        1
      ],
      "fov": 50,
      "aspect": 1
    },
    {
      "camera_to_world": [
        0.42466214816223713,
        -0.5947175211685429,
        0.6826222454135068,
        0.7436467043380404,
        0.9053517895541969,
        0.2785870082983203,
        -0.3205111791473189,
        -0.34916395367692915,
        0.0004439248216696612,
        0.7541222373213345,
        0.6567339294632321,
        0.7154440476466786,
        0,
        0,
        0,
        1
      ],
      "fov": 50,
      "aspect": 1
    },
    {
      "camera_to_world": [
        0.3524617395497409,
        -0.6137662949082746,
        0.7064429611710625,
        0.7703132320163761,
        0.9358261881217295,
        0.23095377275161774,
        -0.26625119807683095,
        -0.29032325635860173,
        0.00026034424222418095,
        0.7549511839095047,
        0.6557809406612185,
        0.715070803533933,
        0,
        0,
        0,
        1
      ],
      "fov": 50,
      "aspect": 1
    },
    {
      "camera_to_world": [
        0.27856904790014153,
        -0.6294217732193982,
        0.7254154099199693,
        0.7910623354545033,
        0.9604161998924823,
        0.18249133899602032,
        -0.21047003153780178,
        -0.22951664992868692,
        0.00009239097542368402,
        0.7553311476357824,
        0.6553433061191056,
        0.714649012377955,
        0,
        0,
        0,
        1
      ],
      "fov": 50,
      "aspect": 1
    },
    {
      "camera_to_world": [
        0.20351087351174613,
        -0.6421102846916323,
        0.7391060185492451,
        0.8047760109717306,
        0.9790726859444533,
        0.1334695848474358,
        -0.15363119982011164,
        -0.1672814197815827,
        2.7755575615628914e-17,
        0.7549041344527687,
        0.6558351529051458,
        0.7141064812948379,
        0,
        0,
        0,
        1
      ],
      "fov": 50,
      "aspect": 1
    },
    {
      "camera_to_world": [
        0.12339956546246345,
        -0.6521330656322566,
        0.7479939919228965,
        0.8121622630898206,
        0.9923570664003769,
        0.08109499090500384,
        -0.09301104888858898,
        -0.10099020149014946,
        -0.00000298552259758722,
        0.7537546465257726,
        0.6571559425523704,
        0.7135314765486426,
        0,
        0,
        0,
        1
      ],
      "fov": 50,
      "aspect": 1
    },
    {
      "camera_to_world": [
        0.035538940686274396,
        -0.6579924147316155,
        0.7521854597441744,
        0.8145892877282853,
        0.9993682909496919,
        0.02335971766250213,
        -0.02678325288348141,
        -0.02900528135284893,
        0.000052337269706159726,
        0.7526621458173552,
        0.6584069345886511,
        0.7130305816657834,
        0,
        0,
        0,
        1
      ],
      "fov": 50,
      "aspect": 1
    },
    {
      "camera_to_world": [
        -0.05749535699258747,
        -0.6579049519343672,
        0.7509030284560937,
        0.811929368303052,
        0.998345762275193,
        -0.03800309494346885,
        0.043145147141730254,
        0.04665157914751371,
        0.00015123312727398017,
        0.7521415019761611,
        0.6590016222541379,
        0.7125590796558823,
        0,
        0,
        0,
        1
      ],
      "fov": 50,
      "aspect": 1
    },
    {
      "camera_to_world": [
        -0.15259661021240245,
        -0.6508721744480124,
        0.7436932748660569,
        0.8040547882300485,
        0.988288522642492,
        -0.10070012356181243,
        0.11465287230486787,
        0.12395861852813002,
        0.00026564036732121266,
        0.7524791675813703,
        0.658615997217835,
        0.7120722535285612,
        0,
        0,
        0,
        1
      ],
      "fov": 50,
      "aspect": 1
    },
    {
      "camera_to_world": [
        -0.24650800357949085,
        -0.6368818741061709,
        0.7304897553054835,
        0.790837830925203,
        0.969140690254146,
        -0.1622723299680417,
        0.1855640412915731,
        0.20089407530619324,
        0.00035590022671348753,
        0.7536903670352663,
        0.6572295671782229,
        0.7115253862934416,
        0,
        0,
        0,
        1
      ],
      "fov": 50,
      "aspect": 1
    },
    {
      "camera_to_world": [
        -0.3362832752927099,
        -0.6168787351853736,
        0.7115997363929396,
        0.7721507798044428,
        0.9417608073895732,
        -0.2205752414757204,
        0.2538368462474799,
        0.2754361879988982,
        0.00037473103234211824,
        0.7555178283296969,
        0.6551279803615718,
        0.7108737609601459,
        0,
        0,
        0,
        1
      ],
      "fov": 50,
      "aspect": 1
    },
    {
      "camera_to_world": [
        -0.4196656307659261,
        -0.5925074117051107,
        0.6876159723481907,
        0.7478659182836961,
        0.9076787340676143,
        -0.2741731702720001,
        0.3177237611895185,
        0.34556319512343625,
        0.0002721676887531,
        0.7574721379545992,
        0.652867433823466,
        0.7100726605382954,
        0,
        0,
        0,
        1
      ],
      "fov": 50,
      "aspect": 1
    },
    {
      "camera_to_world": [
        -0.49527217270658713,
        -0.565736358559303,
        0.6592782777754446,
        0.7178555297788903,
        0.8687378631914788,
        -0.32252936973810864,
        0.3758581257786532,
        0.40925333519700147,
        8.326672684688674e-17,
        0.7588920728670172,
        0.6512164169764165,
        0.7090773680375123,
        0,
        0,
        0,
        1
      ],
      "fov": 50,
      "aspect": 1
    },
    {
      "camera_to_world": [
        -0.5672005727014673,
        -0.5362596501624745,
        0.6250672747270876,
        0.6796727040718901,
        0.8235794425205067,
        -0.36873106979434883,
        0.43099222733818116,
        0.46864339957136125,
        -0.0006420161515615362,
        0.7592515958336445,
        0.6507968976872319,
        0.7076500484620709,
        0,
        0,
        0,
        1
      ],
      "fov": 50,
      "aspect": 1
    },
    {
      "camera_to_world": [
        -0.6388534386801155,
        -0.5015822741864217,
        0.5833365290366868,
        0.6323904001968961,
        0.7693268746767576,
        -0.4149743382553439,
        0.4857287910857579,
        0.5265746430951843,
        -0.001563261553447437,
        0.759085977219654,
        0.650988506351532,
        0.7057313601379727,
        0,
        0,
        0,
        1
      ],
      "fov": 50,
      "aspect": 1
    },
    {
      "camera_to_world": [
        -0.7080344347365959,
        -0.46099131314866865,
        0.534952566522206,
        0.5781607054483417,
        0.706173807198614,
        -0.45961861132300824,
        0.5385808074487284,
        0.5820819995310156,
        -0.002406917913844037,
        0.7591032481335958,
        0.6509657943541891,
        0.7035443260574302,
        0,
        0,
        0,
        1
      ],
      "fov": 50,
      "aspect": 1
    },
    {
      "camera_to_world": [
        -0.7722370696078991,
        -0.4147645589149388,
        0.4812694349234129,
        0.5191357071206598,
        0.6353278956249823,
        -0.5006831464122314,
        0.5879411976885781,
        0.6342004026414002,
        -0.002893676577732901,
        0.7597938849233022,
        0.6501575801826963,
        0.7013119692126563,
        0,
        0,
        0,
        1
      ],
      "fov": 50,
      "aspect": 1
    },
    {
      "camera_to_world": [
        -0.8290973498854041,
        -0.3642809847358371,
        0.42414260405303406,
        0.45746749250828356,
        0.5590969585833174,
        -0.5363067443749056,
        0.6322860640887746,
        0.6819647861888833,
        -0.00285925093062811,
        0.7613635400371355,
        0.6483188911224453,
        0.6992573125958633,
        0,
        0,
        0,
        1
      ],
      "fov": 50,
      "aspect": 1
    },
    {
      "camera_to_world": [
        -0.8768802647926505,
        -0.31185543593452886,
        0.36582398540180006,
        0.395308148905646,
        0.4807034595155674,
        -0.5652567157249225,
        0.6703797650120709,
        0.7244100839360099,
        -0.002277109337902872,
        0.7636956412118372,
        0.6455724454831573,
        0.697603379199264,
        0,
        0,
        0,
        1
      ],
      "fov": 50,
      "aspect": 1
    },
    {
      "camera_to_world": [
        -0.9148198296767258,
        -0.2603186612128508,
        0.3087699367726649,
        0.3348097636071802,
        0.40386025473808157,
        -0.5872903483401771,
        0.7014178080070147,
        0.7605712296453252,
        -0.0012545410070456675,
        0.7663708249736694,
        0.642397217269844,
        0.6965731920150707,
        0,
        0,
        0,
        1
      ],
      "fov": 50,
      "aspect": 1
    },
    {
      "camera_to_world": [
        -0.9431839055211648,
        -0.21250871372373956,
        0.255429377631713,
        0.2781244239073195,
        0.332271154880833,
        -0.6032265985866893,
        0.7250610666638301,
        0.7894831570793742,
        8.326672684688672e-17,
        0.7687377428935145,
        0.6395641349004687,
        0.6963897740354967,
        0,
        0,
        0,
        1
      ],
      "fov": 50,
      "aspect": 1
    },
    {
      "camera_to_world": [
        -0.9640380707032368,
        -0.16860688074238445,
        0.2054320276906809,
        0.22450344221816074,
        0.2657608987263896,
        -0.6154401562174556,
        0.7420273302400495,
        0.8109139150866699,
        0.001320205636647365,
        0.7699383961599506,
        0.6381168569907237,
