{
  "keyframes": [
    {
      "matrix": "[-0.5932028543272773,-0.8050530302714212,5.551115145139358e-17,0,0.6727025595260734,-0.4956804873954623,0.5493379598663183,0,-0.4422461816415777,0.3258688401889199,0.8356002996306032,0,-0.44885206222534163,0.3307397365570066,0.1836630403995509,1]",
      "fov": 50,
      "aspect": 1,
      "properties": "[[\"FOV\",50],[\"NAME\",\"Camera 0\"],[\"TIME\",0]]"
    },
    {
      "matrix": "[-0.006618122450056615,-0.9999781473808532,5.551115386204245e-17,0,0.8355031064800467,-0.005529582701952303,0.5494578881388094,0,-0.5494458836415708,0.003636379602038108,0.8355214479530296,0,-0.5576705336570735,0.0037027292419228638,0.18357996642589536,1]",
      "fov": 50,
      "aspect": 1,
      "properties": "[[\"FOV\",50],[\"NAME\",\"Camera 1\"],[\"TIME\",0.08333333333333334]]"
    },
    {
      "matrix": "[0.582659052228056,-0.8127168461279092,-5.551115797928711e-17,0,0.6790311422986789,0.4868160955320154,0.5494787158051352,0,-0.4465705763732063,-0.3201587244342635,0.8355077923238202,0,-0.4532067477703091,-0.32491430640220603,0.18352010846137973,1]",
      "fov": 50,
      "aspect": 1,
      "properties": "[[\"FOV\",50],[\"NAME\",\"Camera 2\"],[\"TIME\",0.16666666666666669]]"
    },
    {
      "matrix": "[0.9490671766213382,-0.31507366074767346,1.387778723491812e-17,0,0.26326282234694987,0.7930021916820279,0.5493998418320808,0,-0.1731014323418782,-0.5214173957669643,0.8355595948556298,0,-0.1757057160139084,-0.5292188525199887,0.1836874037981029,1]",
      "fov": 50,
      "aspect": 1,
      "properties": "[[\"FOV\",50],[\"NAME\",\"Camera 3\"],[\"TIME\",0.25]]"
    },
    {
      "matrix": "[0.953133081691228,0.3025515222787403,-1.3877788467338267e-17,0,-0.25278799890137377,0.7963622281346411,0.5494593741624485,0,0.16623975606634495,-0.5237078624021427,0.8355205080773365,0,0.16870552301406846,-0.5315439105033868,0.18358139693736963,1]",
      "fov": 50,
      "aspect": 1,
      "properties": "[[\"FOV\",50],[\"NAME\",\"Camera 4\"],[\"TIME\",0.33333333333333337]]"
    },
    {
      "matrix": "[0.5930501095162212,0.8051655733360342,-2.775557607196869e-17,0,-0.6727890643374244,0.4955473029397702,0.5493522758443105,0,0.4423195003965176,-0.32579339807644414,0.8355908999136059,0,0.4489296376705166,-0.3306537866592405,0.1836706250905985,1]",
      "fov": 50,
      "aspect": 1,
      "properties": "[[\"FOV\",50],[\"NAME\",\"Camera 5\"],[\"TIME\",0.41666666666666663]]"
    },
    {
      "matrix": "[0.0065445782396920844,0.9999786276178153,-1.1102230730290725e-16,0,-0.835483156922308,0.005468001752646239,0.5494890135703038,0,0.5494772216380178,-0.0035961735267334345,0.8355010133709215,0,0.5576473474502561,-0.0036346286069603223,0.18351392447948428,1]",
      "fov": 50,
      "aspect": 1,
      "properties": "[[\"FOV\",50],[\"NAME\",\"Camera 6\"],[\"TIME\",0.49999999999999994]]"
    },
    {
      "matrix": "[-0.5826385570472153,0.8127313954235407,0,0,-0.6790558471635733,-0.48680796776612256,0.5494553719848806,0,0.44655962301958346,0.32013387923335845,0.8355230828354124,0,0.4531823992729185,0.3249015510082244,0.18352749943733182,1]",
      "fov": 50,
      "aspect": 1,
      "properties": "[[\"FOV\",50],[\"NAME\",\"Camera 7\"],[\"TIME\",0.5833333333333333]]"
    },
    {
      "matrix": "[-0.9489440594872619,0.3154444290844424,0,0,-0.26357493989116104,-0.7929062946693363,0.5493887173200407,0,0.17330160261217,0.5213391365818597,0.8355669275191219,0,0.17588493227958674,0.5290942788124078,0.183542221784591,1]",
      "fov": 50,
      "aspect": 1,
      "properties": "[[\"FOV\",50],[\"NAME\",\"Camera 8\"],[\"TIME\",0.6666666666666665]]"
    },
    {
      "matrix": "[-0.9529982786109112,-0.3029758384057024,1.387778834691792e-17,0,0.2531819184456636,-0.7963735119070282,0.5492614896930933,0,-0.1664129510298003,0.5234452248881925,0.8356505432186223,0,-0.1689068824052808,0.5312691926956177,0.18369594216346685,1]",
      "fov": 50,
      "aspect": 1,
      "properties": "[[\"FOV\",50],[\"NAME\",\"Camera 9\"],[\"TIME\",0.7499999999999999]]"
    },
    {
      "matrix": "[-0.5932028543272773,-0.8050530302714212,0,0,0.6727025595260734,-0.4956804873954623,0.5493379598663183,0,-0.44224618164157775,0.3258688401889198,0.8356002996306032,0,-0.44885206222534163,0.3307397365570066,0.1836630403995509,1]",
      "fov": 50,
      "aspect": 1,
      "properties": "[[\"FOV\",50],[\"NAME\",\"Camera 10\"],[\"TIME\",0.8333333333333333]]"
    },
    {
      "matrix": "[-0.006618122450056615,-0.9999781473808532,5.551115386204245e-17,0,0.8355031064800467,-0.005529582701952303,0.5494578881388095,0,-0.5494458836415708,0.003636379602038108,0.8355214479530296,0,-0.5576705336570738,0.0037027292419228477,0.18357996642589547,1]",
      "fov": 50,
      "aspect": 1,
      "properties": "[[\"FOV\",50],[\"NAME\",\"Camera 11\"],[\"TIME\",0.9166666666666666]]"
    },
    {
      "matrix": "[0.5826590522280559,-0.8127168461279092,-2.7755578989643557e-17,0,0.6790311422986789,0.48681609553201527,0.5494787158051351,0,-0.44657057637320624,-0.32015872443426335,0.8355077923238203,0,-0.4532067477703091,-0.324914306402206,0.18352010846137978,1]",
      "fov": 50,
      "aspect": 1,
      "properties": "[[\"FOV\",50],[\"NAME\",\"Camera 12\"],[\"TIME\",1]]"
    }
  ],
  "camera_type": "perspective",
  "render_height": 1080,
  "render_width": 1920,
  "camera_path": [
    {
      "camera_to_world": [
        -0.5932028519748642,
        0.6727025348622353,
        -0.44224617126529275,
        -0.44885206222534163,
        -0.8050530270788923,
        -0.4956804692219276,
        0.3258688325431604,
        0.3307397365570066,
        0,
        0.5493379397254962,
        0.8356002800251728,
        0.1836630403995509,
        0,
        0,
        0,
        1
      ],
      "fov": 50,
      "aspect": 1
    },
    {
      "camera_to_world": [
        -0.5299099763961542,
        0.7126597827612782,
        -0.45968625273165953,
        -0.46391235533519626,
        -0.8480538997186375,
        -0.4453143944559057,
        0.2872275635491507,
        0.2898709116175267,
        -0.000009372232914445224,
        0.5420434706967863,
        0.8403504481983356,
        0.18365249744965648,
        0,
        0,
        0,
        1
      ],
      "fov": 50,
      "aspect": 1
    },
    {
      "camera_to_world": [
        -0.45972662672381726,
        0.7484164622812652,
        -0.47804207729815523,
        -0.4810554829891769,
        -0.8880604869212142,
        -0.3874460113250756,
        0.24745536946598154,
        0.24901751664219768,
        -0.000015823906490408657,
        0.5382921022035202,
        0.8427583357374278,
        0.1836417277809228,
        0,
        0,
        0,
        1
      ],
      "fov": 50,
      "aspect": 1
    },
    {
      "camera_to_world": [
        -0.38501783370564374,
        0.7781899806106019,
        -0.49616692937547185,
        -0.4990317444608078,
        -0.922909132781832,
        -0.3246551155937173,
        0.2069729174233118,
        0.20817029365252895,
        -0.000018881213606880554,
        0.5376052548070018,
        0.8431966494521894,
        0.18363086742465343,
        0,
        0,
        0,
        1
      ],
      "fov": 50,
      "aspect": 1
    },
    {
      "camera_to_world": [
        -0.3081552948157918,
        0.8011711744658048,
        -0.5129961632235428,
        -0.5165914390236135,
        -0.9513360678175977,
        -0.2595246654721981,
        0.16615244229590803,
        0.16731998467003006,
        -0.00001861031453659345,
        0.539232507566659,
        0.8421569345656601,
        0.1836200524121519,
        0,
        0,
        0,
        1
      ],
      "fov": 50,
      "aspect": 1
    },
    {
      "camera_to_world": [
        -0.23107451974645424,
        0.8174813023072908,
        -0.5275688454618237,
        -0.5324848659511185,
        -0.9729360544669015,
        -0.19416233924291296,
        0.12528535404467095,
        0.1264573317162105,
        -0.00001556676208291918,
        0.542241003980422,
        0.8402230021607241,
        0.1836094187747218,
        0,
        0,
        0,
        1
      ],
      "fov": 50,
      "aspect": 1
    },
    {
      "camera_to_world": [
        -0.1549905702031092,
        0.8279075892997579,
        -0.5390240687835549,
        -0.5454623245168473,
        -0.9879159493774088,
        -0.12989332860705438,
        0.08455649087511281,
        0.08557307681257982,
        -0.000010669973552160372,
        0.545615933384687,
        0.8380353531462194,
        0.18359910254366663,
        0,
        0,
        0,
        1
      ],
      "fov": 50,
      "aspect": 1
    },
    {
      "camera_to_world": [
        -0.080301255034426,
        0.8335527940316717,
        -0.546572454485121,
        -0.554274113994324,
        -0.9967706398235574,
        -0.06715497928128196,
        0.044028403826016374,
        0.0446579619806474,
        -0.00000506283073703484,
        0.5483429112514578,
        0.8362535809517612,
        0.18358923975028998,
        0,
        0,
        0,
        1
      ],
      "fov": 50,
      "aspect": 1
    },
    {
      "camera_to_world": [
        -0.0066181221364105735,
        0.8355031114677387,
        -0.5494458582855232,
        -0.5576705336570735,
        -0.9999780999898886,
        -0.005529582734962291,
        0.003636379434225013,
        0.0037027292419228638,
        1.270684946153011e-16,
        0.5494578914189009,
        0.8355214093950528,
        0.18357996642589536,
        0,
        0,
        0,
        1
      ],
      "fov": 50,
      "aspect": 1
    },
    {
      "camera_to_world": [
        0.06848232253611486,
        0.83372486416578,
        -0.5479169849272892,
        -0.5560013214853821,
        -0.9976523299687773,
        0.05723132183583116,
        -0.03760856696011436,
        -0.038148585798125606,
        0.000002815923400963094,
        0.5492061786548612,
        0.8356868871290223,
        0.18356982045224837,
        0,
        0,
        0,
        1
      ],
      "fov": 50,
      "aspect": 1
    },
    {
      "camera_to_world": [
        0.1460262561535971,
        0.8270543342977373,
        -0.5428235999227471,
        -0.5506065563531588,
        -0.9892807147136327,
        0.12208196611422735,
        -0.08012278730404315,
        -0.08125400790049712,
        0.0000030738159471077617,
        0.5487049495576025,
        0.836016075396604,
        0.18355804565362602,
        0,
        0,
        0,
        1
      ],
      "fov": 50,
      "aspect": 1
    },
    {
      "camera_to_world": [
        0.22466081560537207,
        0.8149217735016345,
        -0.534256512365062,
        -0.541722048874362,
        -0.9744370261483586,
        0.1878847802913421,
        -0.12317382597783277,
        -0.12487588559338243,
        0.0000016347300911823126,
        0.5482716593148187,
        0.8363002974945681,
        0.18354583697509924,
        0,
        0,
        0,
        1
      ],
      "fov": 50,
      "aspect": 1
    },
    {
      "camera_to_world": [
        0.30286237305755676,
        0.797126470305797,
        -0.5223636408899135,
        -0.5295836096629497,
        -0.9530343031526227,
        0.25331647969569715,
        -0.1660011389387867,
        -0.16827656740497285,
        -5.833177570413462e-7,
        0.5481059673570436,
        0.8364089003276203,
        0.18353438936173888,
        0,
        0,
        0,
        1
      ],
      "fov": 50,
      "aspect": 1
    },
    {
      "camera_to_world": [
        0.3790726445446341,
        0.7738824230978766,
        -0.5073558173295117,
        -0.5144270493328802,
        -0.9253669164989986,
        0.31701608662000685,
        -0.20783856878181117,
        -0.21071840186345925,
        -0.000002659488365863716,
        0.5482762041565326,
        0.836297317913092,
        0.18352489775861586,
        0,
        0,
        0,
        1
      ],
      "fov": 50,
      "aspect": 1
    },
    {
      "camera_to_world": [
        0.451849178896507,
        0.7458006575451374,
        -0.48950352270008557,
        -0.4964881784981113,
        -0.8920943445155549,
        0.3777485755036472,
        -0.24793889204464886,
        -0.2514637374970331,
        -0.0000037303139373834346,
        0.548714309008072,
        0.8360099324026473,
        0.18351855711080103,
        0,
        0,
        0,
        1
      ],
      "fov": 50,
      "aspect": 1
    },
    {
      "camera_to_world": [
        0.5199976806617782,
        0.713809339795054,
        -0.46912539744477755,
        -0.47600280777260173,
        -0.8541676721212905,
        0.43454879094717475,
        -0.28559575660230724,
        -0.28977492283388473,
        -0.000003044206320940158,
        0.5492208797084264,
        0.8356772255380871,
        0.18351656236336536,
        0,
        0,
        0,
        1
      ],
      "fov": 50,
      "aspect": 1
    },
    {
      "camera_to_world": [
        0.5826589813990459,
        0.6790311211796756,
        -0.4465705407486022,
        -0.4532067477703093,
        -0.8127167473326893,
        0.4868160803912207,
        -0.32015869889400517,
        -0.32491430640220587,
        -5.551115123125783e-17,
        0.549478698715429,
        0.83550772567224,
        0.18352010846137967,
        0,
        0,
        0,
        1
      ],
      "fov": 50,
      "aspect": 1
    },
    {
      "camera_to_world": [
        0.6420221778333042,
        0.6406997982081344,
        -0.4210834736085435,
        -0.4272566153813383,
        -0.7666860655730564,
        0.5365250709800736,
        -0.3526093093863716,
        -0.35778164068619805,
        0.0000051271962018539785,
        0.5492218283953058,
        0.8356766020344408,
        0.18353201901481925,
        0,
        0,
        0,
        1
      ],
      "fov": 50,
      "aspect": 1
    },
    {
      "camera_to_world": [
        0.6997961786898991,
        0.5971950862088196,
        -0.39197364362805753,
        -0.3975663791643453,
        -0.714342570606106,
        0.5850422951692219,
        -0.3839794326301731,
        -0.38946505910462254,
        0.000010529742011600174,
        0.548710799849219,
        0.8360122355671327,
        0.18355236609932007,
        0,
        0,
        0,
        1
      ],
      "fov": 50,
      "aspect": 1
    },
    {
      "camera_to_world": [
        0.7546428801753204,
        0.5487240887610094,
        -0.35974435063541593,
        -0.36475787723611564,
        -0.6561357505771945,
        0.6311175229104127,
        -0.4137348777779392,
        -0.41950948158751045,
        0.00001466965669136289,
        0.5482632093154023,
        0.8363058370572194,
        0.18357821735844448,
        0,
        0,
        0,
        1
      ],
      "fov": 50,
      "aspect": 1
    },
    {
      "camera_to_world": [
        0.805284738859867,
        0.4958999046829533,
        -0.32496118828997705,
        -0.3294529477134345,
        -0.5928882602038278,
        0.6735664865136033,
        -0.441352126037927,
        -0.44745982806489304,
        0.00001648861593853135,
        0.5480798051207121,
        0.8364260439195851,
        0.18360664043575492,
        0,
        0,
        0,
        1
      ],
      "fov": 50,
      "aspect": 1
    },
    {
      "camera_to_world": [
        0.8506389288056391,
        0.43969195526440885,
        -0.2882436422128968,
        -0.29227342871308776,
        -0.5257503329147992,
        0.711416750828124,
        -0.4663397839356331,
        -0.4728610184668011,
        0.00001550397372282464,
        0.5482309651204647,
        0.8363269747190453,
        0.18363470297481366,
        0,
        0,
        0,
        1
      ],
      "fov": 50,
      "aspect": 1
    },
    {
      "camera_to_world": [
        0.8899290783385915,
        0.3813162456327395,
        -0.25024818949190747,
        -0.2538411583518608,
        -0.4560989315784052,
        0.7440291874996937,
        -0.48825642111659207,
        -0.49525797272326566,
        0.000011851694676573436,
        0.5486515186938773,
        0.8360511413151944,
        0.18365947261918297,
        0,
        0,
        0,
        1
      ],
      "fov": 50,
      "aspect": 1
    },
    {
      "camera_to_world": [
        0.922749033816141,
        0.32208704770265556,
        -0.21164629525121748,
        -0.21477797474653917,
        -0.38540137590844004,
        0.7711673373682542,
        -0.506721538149148,
        -0.5141956107643177,
        0.000006265742929140172,
        0.5491455831366984,
        0.8357267068140134,
        0.1836780170124253,
        0,
        0,
        0,
        1
      ],
      "fov": 50,
      "aspect": 1
    },
    {
      "camera_to_world": [
        0.9490672158002865,
        0.2632628255261517,
        -0.17310142861651762,
        -0.1757057160139084,
        -0.3150736737543972,
        0.7930022012584429,
        -0.5214173845454061,
        -0.5292188525199887,
        8.326672684688672e-17,
        0.5493998484667166,
        0.8355595768733364,
        0.1836874037981029,
        0,
        0,
        0,
        1
      ],
      "fov": 50,
      "aspect": 1
    },
    {
      "camera_to_world": [
        0.9700306069777831,
        0.2030694512906656,
        -0.13342945506454604,
        -0.13541728993004656,
        -0.24298275963892385,
        0.8106744582673707,
        -0.5326971946905276,
        -0.5405636851501182,
        -0.000006675828520943951,
        0.549153640309716,
        0.835721412487451,
        0.18368589626334095,
        0,
        0,
        0,
        1
      ],
      "fov": 50,
      "aspect": 1
    },
    {
      "camera_to_world": [
        0.9860025053907979,
        0.13940079064234778,
        -0.09146845866941111,
        -0.09280314447823916,
        -0.16673049867312564,
        0.8243378742348344,
        -0.540987994242206,
        -0.5487646555993702,
        -0.000013239346302248989,
        0.5486660994359709,
        0.8360415726232978,
        0.1836755428230385,
        0,
        0,
        0,
        1
      ],
      "fov": 50,
      "aspect": 1
    },
    {
      "camera_to_world": [
        0.9961676629712293,
        0.07315750782961399,
        -0.047937107741283146,
        -0.04863142808608252,
        -0.08746420367485172,
        0.8331093430879408,
        -0.5461490964334774,
        -0.5538145234750113,
        -0.00001805445859247995,
        0.5482488499830526,
        0.8363152504685639,
        0.18365908881241866,
        0,
        0,
        0,
        1
      ],
      "fov": 50,
      "aspect": 1
    },
    {
      "camera_to_world": [
        0.9999782547339424,
        0.005526851381946209,
        -0.003597773347567749,
        -0.003670289181172931,
        -0.0065946689462367605,
        0.8363966503468685,
        -0.5480849875977516,
        -0.5557060483843083,
        -0.00002001869451569898,
        0.5480967954680449,
        0.836414910434356,
        0.18363927956670464,
        0,
        0,
        0,
        1
      ],
      "fov": 50,
      "aspect": 1
    },
    {
      "camera_to_world": [
        0.9972345167264915,
        -0.062142661115465604,
        0.040762830112363584,
        0.041312123808893264,
        0.07431903054317714,
        0.8339861275706472,
        -0.5467575520455465,
        -0.5544319899345276,
        -0.000018665565142322874,
        0.5482749571968473,
        0.8362981352139869,
        0.1836188604211196,
        0,
        0,
        0,
        1
      ],
      "fov": 50,
      "aspect": 1
    },
    {
      "camera_to_world": [
        0.9881151127091345,
        -0.12850023421296355,
        0.0843576543238837,
        0.08554766245651946,
        0.15371572409469741,
        0.8260756672086854,
        -0.5421904353746643,
        -0.5499851077329361,
        -0.0000142076460888374,
        0.5487136610773772,
        0.8360103575585676,
        0.18360057671088664,
        0,
        0,
        0,
        1
      ],
      "fov": 50,
      "aspect": 1
    },
    {
      "camera_to_world": [
        0.973148390848787,
        -0.19235213608708554,
        0.1264233567468916,
        0.12826817833411022,
        0.23017864655962253,
        0.8132435348963961,
        -0.5344649133640061,
        -0.5423581613868003,
        -0.000007509785144563241,
        0.5492136275548427,
        0.8356819916999849,
        0.18358717377122893,
        0,
        0,
        0,
        1
      ],
      "fov": 50,
      "aspect": 1
    },
    {
      "camera_to_world": [
        0.9531330363948207,
        -0.2527879768275337,
        0.1662397476665305,
        0.1687055230140681,
        0.30255150790037294,
        0.7963621585950579,
        -0.5237078359400691,
        -0.5315439105033868,
        2.7755575615628914e-17,
        0.5494593261828049,
        0.8355204658598963,
        0.18358139693736963,
        0,
        0,
        0,
        1
      ],
      "fov": 50,
      "aspect": 1
    },
    {
      "camera_to_world": [
        0.9277337781740711,
        -0.31192253232639305,
        0.2049740731457363,
        0.20797739860427084,
        0.3732425977321413,
        0.7753037248510274,
        -0.5095037757173988,
        -0.5170190191918203,
        0.000008545543853349933,
        0.5491889183689096,
        0.8356982301451649,
        0.18358488930971295,
        0,
        0,
        0,
        1
      ],
      "fov": 50,
      "aspect": 1
    },
    {
      "camera_to_world": [
        0.8958279339041867,
        -0.3715463104260234,
        0.24381479045735818,
        0.24729439022485147,
        0.44440107170060184,
        0.7489449303007304,
        -0.4915172213139542,
        -0.49856609625385256,
        0.00001755884467755098,
        0.5486664110237139,
        0.8360413680590476,
        0.18359574046917196,
        0,
        0,
        0,
        1
      ],
      "fov": 50,
      "aspect": 1
    },
    {
      "camera_to_world": [
        0.8574274454617233,
        -0.43039629401760504,
        0.28209432086607966,
        0.28602767396660034,
        0.5146048728564123,
        0.7170941632000668,
        -0.47006147038108925,
        -0.47663681833569116,
        0.000024523847534485554,
        0.5482107178816438,
        0.8363402466689461,
        0.18361136547173307,
        0,
        0,
        0,
        1
      ],
      "fov": 50,
      "aspect": 1
    },
    {
      "camera_to_world": [
        0.812920390460524,
        -0.48714740136807383,
        0.3191360965385178,
        0.32354842592030736,
        0.5823748260417735,
        0.679969097817038,
        -0.4455127248538449,
        -0.4516828620835435,
        0.000027682544813140135,
        0.5480232069485896,
        0.8364631276269505,
        0.18362917937338288,
        0,
        0,
        0,
        1
      ],
      "fov": 50,
      "aspect": 1
    },
    {
      "camera_to_world": [
        0.7630687364245446,
        -0.5405676796477579,
        0.3542776978751103,
        0.3592278221767626,
        0.6463173390876679,
        0.6381941391065327,
        -0.4183086635544477,
        -0.4241559041436172,
        0.000026193234132082528,
        0.5481740823226783,
        0.8363642596283056,
        0.18364659723010784,
        0,
        0,
        0,
        1
      ],
      "fov": 50,
      "aspect": 1
    },
    {
      "camera_to_world": [
        0.7089460852740933,
        -0.5896686585863031,
        0.38689316517039685,
        0.3924370388267558,
        0.7052626799755798,
        0.5927326301718316,
        -0.388937760269231,
        -0.3945076211621196,
        0.000020203984564370888,
        0.5485972130904538,
        0.8360867762267182,
        0.18366103409789442,
        0,
        0,
        0,
        1
      ],
      "fov": 50,
      "aspect": 1
    },
    {
      "camera_to_world": [
        0.6518265178165887,
        -0.6338175225809649,
        0.4164103009537929,
        0.42254725196107723,
        0.7583681101905246,
        0.544765951886206,
        -0.3579215935251298,
        -0.3631896897852582,
        0.000010823712014385034,
        0.5490950789570453,
        0.8357598902483916,
        0.18366990503272915,
        0,
        0,
        0,
        1
      ],
      "fov": 50,
      "aspect": 1
    },
    {
      "camera_to_world": [
        0.5930500997656628,
        -0.6727890046212704,
        0.4423194936114139,
        0.44892963767051675,
        0.8051655600980072,
        0.4955472589554355,
        -0.32579339307883015,
        -0.3306537866592403,
        0,
        0.5493522270842951,
        0.8355908870957875,
        0.1836706250905985,
        0,
        0,
        0,
        1
      ],
      "fov": 50,
      "aspect": 1
    },
    {
      "camera_to_world": [
        0.5309368170675683,
        -0.7082220800117294,
        0.46532524288503735,
        0.4721835041709706,
        0.8474114090341445,
        0.4437363142151364,
        -0.2915338527264576,
        -0.2958222335307708,
        -0.000010996617304609437,
        0.5491079755663955,
        0.835751417018511,
        0.18366164159669954,
        0,
        0,
        0,
        1
      ],
      "fov": 50,
      "aspect": 1
    },
    {
      "camera_to_world": [
        0.4633112748439796,
        -0.740915645500501,
        0.4861961218017092,
        0.4931645777542142,
        0.8861956116866969,
        0.3873703955602097,
        -0.2541682798280852,
        -0.25780300005681017,
        -0.00002072890759025059,
        0.548623899311817,
        0.8360692654763777,
        0.1836447509704153,
        0,
        0,
        0,
        1
      ],
      "fov": 50,
      "aspect": 1
    },
    {
      "camera_to_world": [
        0.3910143319683618,
        -0.7697477490209129,
        0.5045752620497496,
        0.5116286616248542,
        0.9203845888888542,
        0.3270341875247027,
        -0.21433816441770834,
        -0.21732623474895227,
        -0.000027041279698464267,
        0.5482125893002595,
        0.8363390198965215,
        0.1836223919090112,
        0,
        0,
        0,
        1
      ],
      "fov": 50,
      "aspect": 1
    },
    {
      "camera_to_world": [
        0.3152220315216171,
        -0.7937848105234179,
        0.5201353145342915,
        0.527331558987498,
        0.9490179503152414,
        0.26367697468903606,
        -0.17274079714501558,
        -0.1751220861187903,
        -0.000028685233911834862,
        0.548069455088622,
        0.8364328255012582,
        0.18359700310975272,
        0,
        0,
        0,
        1
      ],
      "fov": 50,
      "aspect": 1
    },
    {
      "camera_to_world": [
        0.23736070568626438,
        -0.8124046000985597,
        0.5325961520090225,
        0.540029073046753,
        0.9714215844566412,
        0.19852027919516152,
        -0.13011458027455633,
        -0.13192070267791647,
        -0.000025453240156944612,
        0.5482594864541556,
        0.8363082774104046,
        0.18357102326990532,
        0,
        0,
        0,
        1
      ],
      "fov": 50,
      "aspect": 1
    },
    {
      "camera_to_world": [
        0.1589766735255861,
        -0.8253774731820557,
        0.5417365079430629,
        0.5494770070072262,
        0.9872823390211324,
        0.13291614102714905,
        -0.08721744384819534,
        -0.08845223293792491,
        -0.00001821266849411085,
        0.5487124257915581,
        0.8360111682568856,
        0.18354689108673447,
        0,
        0,
        0,
        1
      ],
      "fov": 50,
      "aspect": 1
    },
    {
      "camera_to_world": [
        0.08158715809937377,
        -0.8328862494511823,
        0.547397507400619,
        0.5554311640735247,
        0.9966662107021129,
        0.06818498588265048,
        -0.04480259082770298,
        -0.045446825410408655,
        -0.000008829474127794447,
        0.5492279155098779,
        0.8356726014096159,
        0.18352704525750563,
        0,
        0,
        0,
        1
      ],
      "fov": 50,
      "aspect": 1
    },
    {
      "camera_to_world": [
        0.006544577954357897,
        -0.8354830814871714,
        0.5494771961129052,
        0.5576473474502561,
        0.9999785840203776,
        0.00546800125894355,
        -0.003596173359678194,
        -0.00363462860695974,
        -1.257674520083185e-16,
        0.5494889639573601,
        0.8355009745590171,
        0.18351392447948428,
        0,
        0,
        0,
        1
      ],
      "fov": 50,
      "aspect": 1
    },
    {
      "camera_to_world": [
        -0.06854505371543006,
        -0.8337035784500983,
        0.5479415287151079,
        0.5559718245058318,
        0.9976480218856665,
        -0.05728440788830365,
        0.037642011642624824,
        0.03820980605792086,
        0.000006226223340309591,
        0.549232955941636,
        0.8356692886955025,
        0.1835074655537025,
        0,
        0,
        0,
        1
      ],
      "fov": 50,
      "aspect": 1
    },
    {
      "camera_to_world": [
        -0.1460784195030457,
        -0.8270348783836853,
        0.5428392075857963,
        0.5505712782032786,
        0.9892730135105083,
        -0.12212736407362125,
        0.08014868485675175,
        0.08130705037001447,
        0.000009763705150600543,
        0.548724171949179,
        0.8360034587388726,
        0.18350531882606422,
        0,
        0,
        0,
        1
      ],
      "fov": 50,
      "aspect": 1
    },
    {
      "camera_to_world": [
        -0.22470275597696637,
        -0.814906414788785,
        0.5342623013019397,
        0.5416821351391259,
        0.9744273556009235,
        -0.18792323837442534,
        0.12319166017008043,
        0.1249196406181459,
        0.000010627680954874987,
        0.5482813070085077,
        0.8362939723997148,
        0.18350649331114227,
        0,
        0,
        0,
        1
      ],
      "fov": 50,
      "aspect": 1
    },
    {
      "camera_to_world": [
        -0.3028942072315466,
        -0.797116769381942,
        0.5223599862122564,
        0.5295408219099041,
        0.9530241860209558,
        -0.25334833980241733,
        0.16601060080143507,
        0.16831011309113808,
        0.000009201492093630081,
        0.5481053499916367,
        0.836409304841761,
        0.18350999802350973,
        0,
        0,
        0,
        1
      ],
      "fov": 50,
      "aspect": 1
    },
    {
      "camera_to_world": [
        -0.3790939571735434,
        -0.7738794787317006,
        0.5073443840553031,
        0.5143837651121427,
        0.9253581855668785,
        -0.31704096543794835,
        0.20783949249011352,
        0.2107410040778176,
        0.000006235222304307175,
        0.5482659743519788,
        0.8363040244606009,
        0.18351484197773943,
        0,
        0,
        0,
        1
      ],
      "fov": 50,
      "aspect": 1
    },
    {
      "camera_to_world": [
        -0.4518588119256299,
        -0.7458054536115675,
        0.4894873230722143,
        0.49644739134237126,
        0.8920894652877012,
        -0.37776514327865357,
        0.24793120506778044,
        0.2514748498670092,
        0.0000028038734210811267,
        0.548696384065817,
        0.8360216971498023,
        0.1835200341884044,
        0,
        0,
        0,
        1
      ],
      "fov": 50,
      "aspect": 1
    },
    {
      "camera_to_world": [
        -0.5199936568160289,
        -0.7138231358243071,
        0.4691088654385533,
        0.4759681271971201,
        0.8541701217386617,
        -0.4345546872335239,
        0.2855794581764138,
        0.2897741867475359,
        2.3193662951337402e-7,
        0.549198283469028,
        0.8356920757280276,
        0.1835245836700776,
        0,
        0,
        0,
        1
      ],
      "fov": 50,
      "aspect": 1
    },
    {
      "camera_to_world": [
        -0.5826385543480975,
        -0.6790558312564646,
        0.44655961866670263,
        0.45318239927291815,
        0.8127313916584981,
        -0.48680795636248547,
        0.3201338761128248,
        0.3249015510082249,
        2.7755575615628907e-17,
        0.5494553591137066,
        0.8355230746910752,
        0.18352749943733182,
        0,
        0,
        0,
        1
      ],
      "fov": 50,
      "aspect": 1
    },
    {
      "camera_to_world": [
        -0.6419775344649807,
        -0.6407411187364374,
        0.4210886652507322,
        0.4272519091173302,
        0.7667234476922375,
        -0.5364933142782511,
        0.35257634420599826,
        0.357756651589398,
        0.0000010923988157662823,
        0.5492046453692071,
        0.8356878947930803,
        0.18352833464450632,
        0,
        0,
        0,
        1
      ],
      "fov": 50,
      "aspect": 1
    },
    {
      "camera_to_world": [
        -0.6997184275818485,
        -0.5972645349376877,
        0.39200662929095104,
        0.39759221777785525,
        0.7144187302278505,
        -0.5849759556380651,
        0.38393880921959206,
        0.3894274244285043,
        0.000001418252861568048,
        0.5487059382137212,
        0.8360154265125667,
        0.1835278415819626,
        0,
        0,
        0,
        1
      ],
      "fov": 50,
      "aspect": 1
    },
    {
      "camera_to_world": [
        -0.7545296778894904,
        -0.5488347244222773,
        0.3598130215157655,
        0.3648205411009251,
        0.6562659256604322,
        -0.631013481266795,
        0.41368710552374754,
        0.41945874631005614,
        0.000001018754611864514,
        0.5482722241075896,
        0.836299927221735,
        0.1835268279683073,
        0,
        0,
        0,
        1
      ],
      "fov": 50,
      "aspect": 1
    },
    {
      "camera_to_world": [
        -0.8051410230442534,
        -0.49606247256357877,
        0.32506915621966004,
        0.3295540949329727,
        0.5930834115124486,
        -0.6734302293667302,
        0.44129785084886664,
        0.4473954940185649,
        9.340397294499428e-8,
        0.5481001272479159,
        0.8364127273725631,
        0.18352610152214716,
        0,
        0,
        0,
        1
      ],
      "fov": 50,
      "aspect": 1
    },
    {
      "camera_to_world": [
        -0.8504761897946099,
        -0.4399109174013548,
        0.2883897282212757,
        0.29241009512043054,
        0.5260135460151519,
        -0.7112615504468083,
        0.46627969746126424,
        0.47278254433854233,
        -0.0000010042482127270436,
        0.5482566840514586,
        0.8363101149644735,
        0.18352646996208877,
        0,
        0,
        0,
        1
      ],
      "fov": 50,
      "aspect": 1
    },
    {
      "camera_to_world": [
        -0.8897631821667045,
        -0.38158655186662793,
        0.2504260032327261,
        0.2540057575097301,
        0.4564224793515172,
        -0.7438737122744631,
        0.4881909672757406,
        0.49516477405450116,
        -0.0000017871803989488737,
        0.5486744058378764,
        0.8360361214536483,
        0.18352874100673883,
        0,
        0,
        0,
        1
      ],
      "fov": 50,
      "aspect": 1
    },
    {
      "camera_to_world": [
        -0.9225970621692468,
        -0.32239229003264036,
        0.21184398080706743,
        0.2149582979473046,
        0.38576503324419126,
        -0.7710322031648705,
        0.5066504522931308,
        0.5140870599509522,
        -0.0000016683119656857315,
        0.5491562191309827,
        0.8357197179599036,
        0.18353372237470403,
        0,
        0,
        0,
        1
      ],
      "fov": 50,
      "aspect": 1
    },
    {
      "camera_to_world": [
        -0.948944051954272,
        -0.2635749262138037,
        0.17330159991181765,
        0.17588493227958618,
        0.31544442658035304,
        -0.7929062535240663,
        0.5213391284584551,
        0.529094278812408,
        -2.7755575615628907e-17,
        0.5493886888113163,
        0.8355669144994808,
        0.183542221784591,
        0,
        0,
        0,
        1
      ],
      "fov": 50,
      "aspect": 1
    },
    {
      "camera_to_world": [
        -0.9699479581460686,
        -0.2033462866408735,
        0.13360855585493062,
        0.13557237789791482,
        0.24331247084514357,
        -0.8106355578815573,
        0.5326058897808844,
        0.5404186855012081,
        0.000004416283209685012,
        0.5491086231406535,
        0.8357509916075914,
        0.18355606129625746,
        0,
        0,
        0,
        1
      ],
      "fov": 50,
      "aspect": 1
    },
    {
      "camera_to_world": [
        -0.985962068032245,
        -0.13959734766753212,
        0.0916044809262579,
        0.09291283192578643,
        0.1669694591529849,
        -0.8243632645350057,
        0.5408755936399313,
        0.5485932684969153,
        0.000010570652168320758,
        0.5485779694896419,
        0.8360994027499858,
        0.1835752525366836,
        0,
        0,
        0,
        1
      ],
      "fov": 50,
      "aspect": 1
    },
    {
      "camera_to_world": [
        -0.9961579264885073,
        -0.07323912155369158,
        0.0480147536509488,
        0.04868172980786712,
        0.08757502631216997,
        -0.8331893443728927,
        0.5460092775675995,
        0.5536140050098761,
        0.00001614126544324107,
        0.5481163630995819,
        0.8364020876599645,
        0.18359788757516007,
        0,
        0,
        0,
        1
      ],
      "fov": 50,
      "aspect": 1
    },
    {
      "camera_to_world": [
        -0.9999784993860263,
        -0.005474884213819423,
        0.003609211619746537,
        0.003654506988822923,
        0.0065574682839652865,
        -0.8365091692271229,
        0.5479136879186843,
        0.5554768722504374,
        0.00001937461307746722,
        0.5479255747287161,
        0.8365270851459805,
        0.18362205848097737,
        0,
        0,
        0,
        1
      ],
      "fov": 50,
      "aspect": 1
    },
    {
      "camera_to_world": [
        -0.9972207610607862,
        0.06232727152313399,
        -0.04081745868900102,
        -0.04139340108668008,
        -0.07450337804099799,
        -0.8341032419553277,
        0.5465537744999043,
        0.5541778474289456,
        0.000019230884375873173,
        0.5480758095228192,
        0.8364286620185128,
        0.18364585732342617,
        0,
        0,
        0,
        1
      ],
      "fov": 50,
      "aspect": 1
    },
    {
      "camera_to_world": [
        -0.9880669174521608,
        0.12879659920067105,
        -0.0844701288677041,
        -0.08568655897397581,
        -0.15402521351189072,
        -0.8261710707398972,
        0.5419571897069991,
        0.5497129077557472,
        0.00001546613444622369,
        0.5485004994590555,
        0.8361502268456101,
        0.18366737617179693,
        0,
        0,
        0,
        1
      ],
      "fov": 50,
      "aspect": 1
    },
    {
      "camera_to_world": [
        -0.9730550915786931,
        0.19272226873711232,
        -0.1265777069060811,
        -0.1284495312283982,
        -0.23057274053595206,
        -0.8132992872509578,
        0.5342101465517335,
        0.5420780304411891,
        0.000008632617258932941,
        0.5490012718472554,
        0.8358215141018888,
        0.18368470709538032,
        0,
        0,
        0,
        1
      ],
      "fov": 50,
      "aspect": 1
    },
    {
      "camera_to_world": [
        -0.9529982415902662,
        0.2531819135902891,
        -0.16641295068779935,
        -0.16890688240528134,
        -0.30297582663615347,
        -0.7963734966346407,
        0.5234452238124403,
        0.5312691926956175,
        -2.7755575615628907e-17,
        0.5492614791596764,
        0.8356505415012454,
        0.18369594216346685,
        0,
        0,
        0,
        1
      ],
      "fov": 50,
      "aspect": 1
    },
    {
      "camera_to_world": [
