{
  "keyframes": [
    {
      "matrix": "[0.5888915170596083,0.8082120885166849,-2.7755575600214417e-17,0,-0.7291920436605704,0.5313147562630208,0.43125813587186806,0,0.34854804105706627,-0.2539642596078456,0.9022285835343772,0,0.3198218099658993,-0.23299257213635488,0.16340579550476594,1]",
      "fov": 50,
      "aspect": 1,
      "properties": "[[\"FOV\",50],[\"NAME\",\"Camera 0\"],[\"TIME\",0]]"
    },
    {
      "matrix": "[0.0015838211708383016,0.9999987396465407,0,0,-0.9021832315432852,0.0014288987030109748,0.43135057530204496,0,0.4313500623051353,-0.0006831822217724084,0.9021844217143671,0,0.3957464883462544,-0.0006260411658504212,0.16325518881044548,1]",
      "fov": 50,
      "aspect": 1,
      "properties": "[[\"FOV\",50],[\"NAME\",\"Camera 1\"],[\"TIME\",0.08333333333333334]]"
    },
    {
      "matrix": "[-0.5867431826736486,0.80977314450415,0,0,-0.73060349605958,-0.5293786580351276,0.43125041378818074,0,0.3492149790108381,0.25303322246824705,0.9022323454078955,0,0.32041684535164916,0.23216811893693956,0.16339264352579325,1]",
      "fov": 50,
      "aspect": 1,
      "properties": "[[\"FOV\",50],[\"NAME\",\"Camera 2\"],[\"TIME\",0.16666666666666669]]"
    },
    {
      "matrix": "[-0.9505936921978394,0.310437824154995,0,0,-0.2800779952981152,-0.85762866164426,0.43131137173637496,0,0.1338953644293684,0.41000187134909283,0.9022032038693755,0,0.12285335860151352,0.37614734347386736,0.1632554139105769,1]",
      "fov": 50,
      "aspect": 1,
      "properties": "[[\"FOV\",50],[\"NAME\",\"Camera 3\"],[\"TIME\",0.25]]"
    },
    {
      "matrix": "[-0.9514574367580266,-0.30778048594748525,0,0,0.27767038186534315,-0.8583765438537234,0.43138019040406594,0,-0.13277040723908762,0.41043989829353833,0.9021702889760408,0,-0.12179109540199202,0.37656168426292225,0.16321916483783583,1]",
      "fov": 50,
      "aspect": 1,
      "properties": "[[\"FOV\",50],[\"NAME\",\"Camera 4\"],[\"TIME\",0.33333333333333337]]"
    },
    {
      "matrix": "[-0.5893045893524383,-0.8079109896777595,-2.7755576535364616e-17,0,0.7288430840072543,-0.5316310581374473,0.43145837289036115,0,-0.3485799482996787,0.25426038996098976,0.902132926733437,0,-0.3118140346909015,0.22746354197722685,0.14260725826239445,1]",
      "fov": 50,
      "aspect": 1,
      "properties": "[[\"FOV\",50],[\"NAME\",\"Camera 5\"],[\"TIME\",0.41666666666666663]]"
    },
    {
      "matrix": "[-0.00178793957714305,-0.9999984270732274,-5.551115264337434e-17,0,0.9021680918077873,-0.0016130245737483583,0.4313817125689854,0,-0.4313810187484847,0.0007712844094224602,0.9021695247799568,0,-0.39578212370516463,0.0007051803920996651,0.1633126994299619,1]",
      "fov": 50,
      "aspect": 1,
      "properties": "[[\"FOV\",50],[\"NAME\",\"Camera 6\"],[\"TIME\",0.49999999999999994]]"
    },
    {
      "matrix": "[0.5863531746320968,-0.8100556168172636,5.551115533182022e-17,0,0.7308181169483293,0.5289976565250718,0.43135411795050344,0,-0.3494208143872249,-0.25292584798495465,0.9021827455843041,0,-0.3205686463956614,-0.232049931323313,0.16332899377174664,1]",
      "fov": 50,
      "aspect": 1,
      "properties": "[[\"FOV\",50],[\"NAME\",\"Camera 7\"],[\"TIME\",0.5833333333333333]]"
    },
    {
      "matrix": "[0.9506481924021094,-0.3102709996255718,0,0,0.27991611467359523,0.8576429919644458,0.4313877318014469,0,-0.1338471100747391,-0.4100979898358181,0.9021666619692698,0,-0.12279443544279212,-0.37625727061793013,0.16332719426178266,1]",
      "fov": 50,
      "aspect": 1,
      "properties": "[[\"FOV\",50],[\"NAME\",\"Camera 8\"],[\"TIME\",0.6666666666666665]]"
    },
    {
      "matrix": "[0.9516241909346668,0.3072645794999836,0,0,-0.2771862329407918,0.8584690272134774,0.4315075084701081,0,0.1325869698268648,-0.41063297336547067,0.9021093822221223,0,0.1216502384794858,-0.3767376176202121,0.16322546087421158,1]",
      "fov": 50,
      "aspect": 1,
      "properties": "[[\"FOV\",50],[\"NAME\",\"Camera 9\"],[\"TIME\",0.7499999999999999]]"
    },
    {
      "matrix": "[0.5888915170596081,0.8082120885166849,2.7755575600214417e-17,0,-0.7291920436605704,0.5313147562630206,0.4312581358718681,0,0.34854804105706627,-0.2539642596078455,0.9022285835343772,0,0.3198218099658994,-0.2329925721363549,0.16340579550476608,1]",
      "fov": 50,
      "aspect": 1,
      "properties": "[[\"FOV\",50],[\"NAME\",\"Camera 10\"],[\"TIME\",0.8333333333333333]]"
    },
    {
      "matrix": "[0.0015838211708383016,0.9999987396465406,0,0,-0.9021832315432851,0.0014288987030109748,0.431350575302045,0,0.4313500623051353,-0.0006831822217723252,0.9021844217143671,0,0.3957464883462545,-0.0006260411658503856,0.1632551888104456,1]",
      "fov": 50,
      "aspect": 1,
      "properties": "[[\"FOV\",50],[\"NAME\",\"Camera 11\"],[\"TIME\",0.9166666666666666]]"
    },
    {
      "matrix": "[-0.586743182673649,0.8097731445041498,0,0,-0.7306034960595797,-0.5293786580351281,0.43125041378818085,0,0.34921497901083803,0.2530332224682473,0.9022323454078955,0,0.32041684535164916,0.23216811893693967,0.1633926435257933,1]",
      "fov": 50,
      "aspect": 1,
      "properties": "[[\"FOV\",50],[\"NAME\",\"Camera 12\"],[\"TIME\",1]]"
    }
  ],
  "camera_type": "perspective",
  "render_height": 1080,
  "render_width": 1920,
  "camera_path": [
    {
      "camera_to_world": [
        0.5888915173866586,
        -0.7291920485766407,
        0.3485480412262291,
        0.3198218099658993,
        0.808212088965538,
        0.5313147598450413,
        -0.25396425973110354,
        -0.23299257213635488,
        -2.7755575615628907e-17,
        0.4312581387793261,
        0.9022285839722612,
        0.16340579550476594,
        0,
        0,
        0,
        1
      ],
      "fov": 50,
      "aspect": 1
    },
    {
      "camera_to_world": [
        0.5254008133018659,
        -0.770342466608639,
        0.3612844717408373,
        0.3303463598509679,
        0.8508548556160879,
        0.4756883512828363,
        -0.22308430497985132,
        -0.2039496790110633,
        -0.000007500946636790351,
        0.4246093223106801,
        0.9053766748434602,
        0.16338500049818322,
        0,
        0,
        0,
        1
      ],
      "fov": 50,
      "aspect": 1
    },
    {
      "camera_to_world": [
        0.45504580402518874,
        -0.8076198046452886,
        0.3750780817160279,
        0.3423480027182137,
        0.8904680320166726,
        0.41271542422254154,
        -0.19165767024870628,
        -0.17491096195151667,
        -0.000013979406976255552,
        0.42120805993417704,
        0.9069640401091229,
        0.16336139239189676,
        0,
        0,
        0,
        1
      ],
      "fov": 50,
      "aspect": 1
    },
    {
      "camera_to_world": [
        0.38019958133932547,
        -0.839118409962758,
        0.3890097330542955,
        0.35494048277833057,
        0.9249044696697274,
        0.34494390427331406,
        -0.1598919162735977,
        -0.14587391531826807,
        -0.000018285570668630236,
        0.4205876804737096,
        0.9072518959469762,
        0.16333665904572872,
        0,
        0,
        0,
        1
      ],
      "fov": 50,
      "aspect": 1
    },
    {
      "camera_to_world": [
        0.30323595084901267,
        -0.8638792597304116,
        0.402194707474292,
        0.3672375442420119,
        0.9529155039783933,
        0.27491166415937557,
        -0.1279672582605704,
        -0.11683603347187047,
        -0.000019756011978899757,
        0.4220618456064926,
        0.9065670400433391,
        0.16331248831950146,
        0,
        0,
        0,
        1
      ],
      "fov": 50,
      "aspect": 1
    },
    {
      "camera_to_world": [
        0.22608792901121738,
        -0.8818489810405856,
        0.4137953878344943,
        0.37835293131995135,
        0.9741068976366096,
        0.2046830308648616,
        -0.09602400144106632,
        -0.08779481077287687,
        -0.00001822631362111138,
        0.4247908091209778,
        0.9052915376574259,
        0.1632905680730372,
        0,
        0,
        0,
        1
      ],
      "fov": 50,
      "aspect": 1
    },
    {
      "camera_to_world": [
        0.14996568303333901,
        -0.8936233232104951,
        0.42302204449245323,
        0.38740038822284256,
        0.9886912024071303,
        0.13555173523275785,
        -0.06415164345619924,
        -0.05874774158184033,
        -0.000013967357917352152,
        0.42785871884258625,
        0.9038456264845749,
        0.1632725861661583,
        0,
        0,
        0,
        1
      ],
      "fov": 50,
      "aspect": 1
    },
    {
      "camera_to_world": [
        0.07526180523000735,
        -0.9001060473067843,
        0.4291209203421305,
        0.3934936591613791,
        0.9971638083162864,
        0.0679395639984558,
        -0.03238139941170354,
        -0.029692320259313815,
        -0.000007594799929726283,
        0.4303409337321473,
        0.9026664282540159,
        0.16326023045868698,
        0,
        0,
        0,
        1
      ],
      "fov": 50,
      "aspect": 1
    },
    {
      "camera_to_world": [
        0.0015838211805121972,
        -0.9021832568753313,
        0.4313500463942112,
        0.3957464883462544,
        0.9999987457544475,
        0.0014288987431325118,
        -0.0006831821965723183,
        -0.0006260411658504212,
        1.7780915628762273e-17,
        0.4313505874137671,
        0.902184388436088,
        0.16325518881044548,
        0,
        0,
        0,
        1
      ],
      "fov": 50,
      "aspect": 1
    },
    {
      "camera_to_world": [
        -0.07349305937589952,
        -0.8998609303784452,
        0.4299407822037934,
        0.39440362150089536,
        0.9972957285361049,
        -0.06631640462896972,
        0.031675926517251124,
        0.029059899473442653,
        0.000008198172709646122,
        0.43110606636363397,
        0.9023012576059418,
        0.16326046418623136,
        0,
        0,
        0,
        1
      ],
      "fov": 50,
      "aspect": 1
    },
    {
      "camera_to_world": [
        -0.15099104076526917,
        -0.892180638237493,
        0.42569403843930015,
        0.3904140027823003,
        0.988535131071574,
        -0.1362804740417767,
        0.06500713062622361,
        0.05962403123880814,
        0.000015682063173878827,
        0.4306290063953986,
        0.9025290347711726,
        0.1632757360854127,
        0,
        0,
        0,
        1
      ],
      "fov": 50,
      "aspect": 1
    },
    {
      "camera_to_world": [
        -0.2295526025627872,
        -0.878619671641081,
        0.41872792510408224,
        0.38394767405152047,
        0.9732962561454958,
        -0.20723222773863886,
        0.09873804514797073,
        0.09054344847771763,
        0.000020731929304601552,
        0.4302118970830533,
        0.9027279341963378,
        0.16329770716966796,
        0,
        0,
        0,
        1
      ],
      "fov": 50,
      "aspect": 1
    },
    {
      "camera_to_world": [
        -0.30765096569022676,
        -0.8590202682177606,
        0.40918829663243966,
        0.3751746771696075,
        0.9514992815618535,
        -0.27775954085267396,
        0.13228285849870497,
        0.12129524553764305,
        0.0000222968067445789,
        0.430039319430675,
        0.9028101590292693,
        0.16332308010067537,
        0,
        0,
        0,
        1
      ],
      "fov": 50,
      "aspect": 1
    },
    {
      "camera_to_world": [
        -0.38372671335426034,
        -0.833633681861291,
        0.3972514240688447,
        0.3642650539976125,
        0.9234467007111081,
        -0.34641540243336,
        0.16505320324883932,
        0.1513565167660561,
        0.000020102408704286704,
        0.4301758401204337,
        0.9027451169475093,
        0.16334855754011327,
        0,
        0,
        0,
        1
      ],
      "fov": 50,
      "aspect": 1
    },
    {
      "camera_to_world": [
        -0.45633853213869724,
        -0.8031017561728652,
        0.3831223216122483,
        0.3513888463965869,
        0.8898062395094014,
        -0.41187910683990236,
        0.19646999129358744,
        0.18020435651042882,
        0.000014684592935049204,
        0.43056145970212445,
        0.9025612606374918,
        0.16337084214966,
        0,
        0,
        0,
        1
      ],
      "fov": 50,
      "aspect": 1
    },
    {
      "camera_to_world": [
        -0.5242954149255948,
        -0.7683774360325408,
        0.3670292000427992,
        0.3367160962275821,
        0.851536445393934,
        -0.4730976954481195,
        0.22597400896461986,
        0.20731585911823258,
        0.000007339084186153144,
        0.4310158771527298,
        0.9023443431353692,
        0.16338663659099387,
        0,
        0,
        0,
        1
      ],
      "fov": 50,
      "aspect": 1
    },
    {
      "camera_to_world": [
        -0.5867431509971054,
        -0.7306034407419315,
        0.34921495834806243,
        0.3204168453516492,
        0.8097731007868737,
        -0.5293786179532189,
        0.25303320749647024,
        0.23216811893693948,
        -5.551115123125784e-17,
        0.43125038113605274,
        0.9022322920235172,
        0.16339264352579327,
        0,
        0,
        0,
        1
      ],
      "fov": 50,
      "aspect": 1
    },
    {
      "camera_to_world": [
        -0.6458638786712635,
        -0.6888955735518807,
        0.3290634269686266,
        0.3018923324715488,
        0.763452585426639,
        -0.5827870599053107,
        0.2783871272388586,
        0.2553968560167141,
        -0.000005752563262073629,
        0.43102451385918766,
        0.9023402176670167,
        0.1633879436016259,
        0,
        0,
        0,
        1
      ],
      "fov": 50,
      "aspect": 1
    },
    {
      "camera_to_world": [
        -0.7033581178865573,
        -0.6415706603740698,
        0.30606281340643066,
        0.2807240009731768,
        0.7108356757457787,
        -0.6348159778689803,
        0.30285527290983844,
        0.27777252719098694,
        -0.000009493256599657496,
        0.430576081534298,
        0.9025542853039077,
        0.1633752831325177,
        0,
        0,
        0,
        1
      ],
      "fov": 50,
      "aspect": 1
    },
    {
      "camera_to_world": [
        -0.7578935694362812,
        -0.5889299950436166,
        0.2806399799477236,
        0.2573521997422883,
        0.6523782164420784,
        -0.6841760688647422,
        0.3260456555524708,
        0.29897433198212914,
        -0.000010908061595732432,
        0.43019131526649085,
        0.9027377427305789,
        0.1633568632798341,
        0,
        0,
        0,
        1
      ],
      "fov": 50,
      "aspect": 1
    },
    {
      "camera_to_world": [
        -0.8082008681614644,
        -0.5316718086286817,
        0.25325174157853625,
        0.23221727766463757,
        0.5889069167545732,
        -0.7296454985907308,
        0.3475717045228308,
        0.31868146991251195,
        -0.00001008351876521929,
        0.4300494556394537,
        0.9028053309559775,
        0.16333488520494063,
        0,
        0,
        0,
        1
      ],
      "fov": 50,
      "aspect": 1
    },
    {
      "camera_to_world": [
        -0.8532066735013242,
        -0.47084147158692163,
        0.2243806607679615,
        0.20575958362598,
        0.5215729788209647,
        -0.7702121554497957,
        0.36706247882507054,
        0.336573140504506,
        -0.000007525322998414019,
        0.43021104615205075,
        0.9027283399296422,
        0.1633115500692027,
        0,
        0,
        0,
        1
      ],
      "fov": 50,
      "aspect": 1
    },
    {
      "camera_to_world": [
        -0.8921440509415237,
        -0.40772331210408264,
        0.19452684425684016,
        0.17841946651207022,
        0.45175102916602616,
        -0.8051916298526061,
        0.38417111664301373,
        0.3523285432804826,
        -0.000004133315164217555,
        0.4306136783500738,
        0.9025363482989119,
        0.1632890590339858,
        0,
        0,
        0,
        1
      ],
      "fov": 50,
      "aspect": 1
    },
    {
      "camera_to_world": [
        -0.9246149544354669,
        -0.34369522084732995,
        0.16419738487870256,
        0.1506372752086631,
        0.38090311895941303,
        -0.8342941691574733,
        0.39858004626026206,
        0.3656268777628127,
        -0.0000011362295527228563,
        0.4310763673370954,
        0.902315446793505,
        0.16326961326065537,
        0,
        0,
        0,
        1
      ],
      "fov": 50,
      "aspect": 1
    },
    {
      "camera_to_world": [
        -0.9505936872963845,
        -0.2800779807182293,
        0.13389535611462788,
        0.12285335860151352,
        0.3104378225543142,
        -0.857628616999096,
        0.41000184588847155,
        0.37614734347386736,
        0,
        0.43131134928380566,
        0.9022031478436455,
        0.1632554139105769,
        0,
        0,
        0,
        1
      ],
      "fov": 50,
      "aspect": 1
    },
    {
      "camera_to_world": [
        -0.9712150257634911,
        -0.2149354723117238,
        0.10268454836711166,
        0.09415231043741609,
        0.23820447882218837,
        -0.8763409355330342,
        0.4186707429211359,
        0.38409099806973457,
        -5.206920329070553e-7,
        0.43107923569945045,
        0.9023140764437327,
        0.16338670460845459,
        0,
        0,
        0,
        1
      ],
      "fov": 50,
      "aspect": 1
    },
    {
      "camera_to_world": [
        -0.9868236186133553,
        -0.14603004939233016,
        0.06967331211674091,
        0.06372243385951636,
        0.16179970873120567,
        -0.8906406839772804,
        0.4249470864695737,
        0.3898495333817178,
        -0.0000011576676619828863,
        0.43062094319593414,
        0.9025328821044162,
        0.1637214934207184,
        0,
        0,
        0,
        1
      ],
      "fov": 50,
      "aspect": 1
    },
    {
      "camera_to_world": [
        -0.9966006828894771,
        -0.07437017321244996,
        0.035442293951977934,
        0.03215964184809535,
        0.08238372935066339,
        -0.8996519711335365,
        0.42876479796482747,
        0.39338810019501125,
        -0.0000015826766541701676,
        0.43022715880322204,
        0.9027206610162428,
        0.1641386281713223,
        0,
        0,
        0,
        1
      ],
      "fov": 50,
      "aspect": 1
    },
    {
      "camera_to_world": [
        -0.9999990431656446,
        -0.001249572409392351,
        0.0005934952307854766,
        0.00005984738343410914,
        0.0013833528789666389,
        -0.9027896965129105,
        0.430080050926498,
        0.3946718492948088,
        -0.000001614786185128868,
        0.43008046042446585,
        0.9027905612923033,
        0.1645169566842204,
        0,
        0,
        0,
        1
      ],
      "fov": 50,
      "aspect": 1
    },
    {
      "camera_to_world": [
        -0.9968248871896704,
        0.07187800829192892,
        -0.034259249893807506,
        -0.031981036554186305,
        -0.07962502293728839,
        -0.8998467856579219,
        0.4288771596428778,
        0.3936659314663045,
        -0.000001239858964489915,
        0.43024331983784675,
        0.9027129586603767,
        0.1647353267833668,
        0,
        0,
        0,
        1
      ],
      "fov": 50,
      "aspect": 1
    },
    {
      "camera_to_world": [
        -0.9872682728399207,
        0.14355774749211225,
        -0.06850204798888034,
        -0.06336709698448462,
        -0.15906400423509517,
        -0.8910266952890687,
        0.42517063731981625,
        0.3903354974946927,
        -6.144466466254106e-7,
        0.4306536908203992,
        0.9025172566673672,
        0.16467258629271544,
        0,
        0,
        0,
        1
      ],
      "fov": 50,
      "aspect": 1
    },
    {
      "camera_to_world": [
        -0.9718733893577388,
        0.21249287018237836,
        -0.10153272959965302,
        -0.09350242092718045,
        -0.23550395975078336,
        -0.8769117467829229,
        0.4190031900783385,
        0.38464569816516725,
        -5.279355111409424e-8,
        0.43112941035816355,
        0.9022901038602936,
        0.16420758303622043,
        0,
        0,
        0,
        1
      ],
      "fov": 50,
      "aspect": 1
    },
    {
      "camera_to_world": [
        -0.9514573979898377,
        0.27767038177141296,
        -0.13277039917589117,
        -0.12179109540199184,
        -0.30778047340662745,
        -0.8583765435633534,
        0.4104398733673704,
        0.3765616842629223,
        -2.7755575615628907e-17,
        0.4313801902581395,
        0.9021702341869031,
        0.16321916483783583,
        0,
        0,
        0,
        1
      ],
      "fov": 50,
      "aspect": 1
    },
    {
      "camera_to_world": [
        -0.9256859935765849,
        0.3413224072320636,
        -0.1631087233027114,
        -0.1488826719663652,
        -0.37829279836264906,
        -0.8352211055253357,
        0.39912437108248877,
        0.3656097028109591,
        -0.000001757074858194097,
        0.4311666953816648,
        0.9022722875000468,
        0.16134481107003776,
        0,
        0,
        0,
        1
      ],
      "fov": 50,
      "aspect": 1
    },
    {
      "camera_to_world": [
        -0.8934338894511532,
        0.4053879826454852,
        -0.19348506068120172,
        -0.17562306603090144,
        -0.44919470739712414,
        -0.8063086618156211,
        0.38482522880849995,
        0.3516199065475222,
        -0.000005157181408949052,
        0.4307283661517153,
        0.9024816200708341,
        0.15854453877440733,
        0,
        0,
        0,
        1
      ],
      "fov": 50,
      "aspect": 1
    },
    {
      "camera_to_world": [
        -0.8547236129998907,
        0.4685534672148468,
        -0.22339470392415017,
        -0.20171091039505357,
        -0.5190833702836914,
        -0.771528179536642,
        0.3678270284737098,
        0.33501330483067,
        -0.0000086797100357916,
        0.4303509225525382,
        0.9026616660647785,
        0.1551810022785562,
        0,
        0,
        0,
        1
      ],
      "fov": 50,
      "aspect": 1
    },
    {
      "camera_to_world": [
        -0.8099480694966743,
        0.5294471403554692,
        -0.25232885345918393,
        -0.22684483785827442,
        -0.5865015981183441,
        -0.7311650412051908,
        0.34844448327393557,
        0.31621090701846094,
        -0.000011101294718429688,
        0.43021321235967114,
        0.9027273075452708,
        0.15161685591009585,
        0,
        0,
        0,
        1
      ],
      "fov": 50,
      "aspect": 1
    },
    {
      "camera_to_world": [
        -0.7598675092926029,
        0.5867890393464363,
        -0.2797856172578257,
        -0.2507234812200168,
        -0.6500779708520499,
        -0.6858975907967234,
        0.32702159982504514,
        0.2956337224689536,
        -0.000011590409843859065,
        0.4303755548844949,
        0.902649921965058,
        0.14821475399663797,
        0,
        0,
        0,
        1
      ],
      "fov": 50,
      "aspect": 1
    },
    {
      "camera_to_world": [
        -0.7055478690324474,
        0.639535752042081,
        -0.3052805699086374,
        -0.27304547327973355,
        -0.7086622639934592,
        -0.6367310893865941,
        0.3039264967064011,
        0.2737027605402065,
        -0.000009769209843690787,
        0.43077551191836694,
        0.9024591172103207,
        0.145337350865794,
        0,
        0,
        0,
        1
      ],
      "fov": 50,
      "aspect": 1
    },
    {
      "camera_to_world": [
        -0.6482514121145233,
        0.6869884472165906,
        -0.3283549604962049,
        -0.29350944683687746,
        -0.7614263632543213,
        -0.5848808540957549,
        0.27954298391037924,
        0.250839030590278,
        -0.000005729294714373889,
        0.4312322574937524,
        0.9022409545481835,
        0.14334730084517566,
        0,
        0,
        0,
        1
      ],
      "fov": 50,
      "aspect": 1
    },
    {
      "camera_to_world": [
        -0.5893045698246696,
        0.7288430291185454,
        -0.34857992324438963,
        -0.31181403469090163,
        -0.8079109629060378,
        -0.5316310181006502,
        0.25426037168521776,
        0.22746354197722668,
        0,
        0.4314583403975054,
        0.9021328618897722,
        0.14260725826239445,
        0,
        0,
        0,
        1
      ],
      "fov": 50,
      "aspect": 1
    },
    {
      "camera_to_world": [
        -0.5270145036534816,
        0.7667835782142832,
        -0.36646781184679056,
        -0.3284730913525712,
        -0.8498562895589099,
        -0.47549624946037744,
        0.2272610918003275,
        0.20287590302575018,
        0.000006003078439620337,
        0.431214866313784,
        0.9022492665743477,
        0.14335976847511092,
        0,
        0,
        0,
        1
      ],
      "fov": 50,
      "aspect": 1
    },
    {
      "camera_to_world": [
        -0.4592076461958338,
        0.8016965093916673,
        -0.38263696175944434,
        -0.3439938565651168,
        -0.8883289579661794,
        -0.41441919075987854,
        0.19780899061632487,
        0.1763749845816147,
        0.000010677256229191245,
        0.43074289449640835,
        0.902474685920249,
        0.1453633944198353,
        0,
        0,
        0,
        1
      ],
      "fov": 50,
      "aspect": 1
    },
    {
      "camera_to_world": [
        -0.3867343978648774,
        0.8324366329360895,
        -0.39684475258483254,
        -0.35806504097668773,
        -0.9221911435994442,
        -0.3490883555537169,
        0.16643561723246403,
        0.14838068978448388,
        0.000013222719671301956,
        0.43033309443131146,
        0.9026701654881099,
        0.14825481679245353,
        0,
        0,
        0,
        1
      ],
      "fov": 50,
      "aspect": 1
    },
    {
      "camera_to_world": [
        -0.31078130466780407,
        0.8580477268912322,
        -0.40886315442427307,
        -0.37037535523543386,
        -0.9504814466847485,
        -0.28055199732077224,
        0.1336996496158202,
        0.11931292177402059,
        0.000013305834407589812,
        0.43016819405450557,
        0.9027487605346463,
        0.15167071628885154,
        0,
        0,
        0,
        1
      ],
      "fov": 50,
      "aspect": 1
    },
    {
      "camera_to_world": [
        -0.2327849108355996,
        0.8778835932549945,
        -0.4184872542634497,
        -0.38061350998950505,
        -0.9725282438900462,
        -0.210125798437664,
        0.10017965695228344,
        0.08959158368988722,
        0.00001110877823021217,
        0.43031098699037823,
        0.9026807045417341,
        0.15524777360491546,
        0,
        0,
        0,
        1
      ],
      "fov": 50,
      "aspect": 1
    },
    {
      "camera_to_world": [
        -0.15430003413567753,
        0.8916874438050009,
        -0.42554083473414395,
        -0.38846821588705077,
        -0.9880240378715658,
        -0.1392519227147046,
        0.06646354345221828,
        0.05963657867174737,
        0.0000073277367812277245,
        0.4306999008367209,
        0.9024952051759294,
        0.15862266943653114,
        0,
        0,
        0,
        1
      ],
      "fov": 50,
      "aspect": 1
    },
    {
      "camera_to_world": [
        -0.07684951490383356,
        0.899610459326838,
        -0.4298780914733864,
        -0.3936281835762207,
        -0.9970427032225462,
        -0.06933833700121063,
        0.0331367314710507,
        0.029867809859264002,
        0.0000031182432430956752,
        0.43115335611782296,
        0.9022786617772884,
        0.16143208447958463,
        0,
        0,
        0,
        1
      ],
      "fov": 50,
      "aspect": 1
    },
    {
      "camera_to_world": [
        -0.0017879395316594189,
        0.9021680694054522,
        -0.4313810123515758,
        -0.39578212370516463,
        -0.9999984016348382,
        -0.0016130245336931095,
        0.0007712843979847051,
        0.0007051803920992571,
        -5.421010862427522e-17,
        0.43138170185705943,
        0.9021695114017693,
        0.16331269942996193,
        0,
        0,
        0,
        1
      ],
      "fov": 50,
      "aspect": 1
    },
    {
      "camera_to_world": [
        0.07327829822877778,
        0.8998568767546584,
        -0.42998592112538453,
        -0.3948353432264065,
        -0.9973115315724679,
        0.06611724830559132,
        -0.0315945955675216,
        -0.02870756174670346,
        -0.0000011281747611113781,
        0.43114511574857006,
        0.9022825993916093,
        0.1643048679135303,
        0,
        0,
        0,
        1
      ],
      "fov": 50,
      "aspect": 1
    },
    {
      "camera_to_world": [
        0.15074511410758704,
        0.8921898164825844,
        -0.42576195454439414,
        -0.391043725454695,
        -0.9885726632736139,
        0.13604753029359423,
        -0.06492425532208787,
        -0.059137289459330195,
        -8.970323436760521e-7,
        0.4306836436014093,
        0.9025029635039485,
        0.16477190272624628,
        0,
        0,
        0,
        1
      ],
      "fov": 50,
      "aspect": 1
    },
    {
      "camera_to_world": [
        0.2292623492659805,
        0.878649513197771,
        -0.418824316589144,
        -0.3846218455815168,
        -0.9733646671258568,
        0.206953579733402,
        -0.09864806448431046,
        -0.09003003093395824,
        1.1776047730005517e-7,
        0.4302850785152215,
        0.9026930548127284,
        0.1648349233191296,
        0,
        0,
        0,
        1
      ],
      "fov": 50,
      "aspect": 1
    },
    {
      "camera_to_world": [
        0.3073124635962585,
        0.859080713243954,
        -0.40931574346787275,
        -0.3757842787983588,
        -0.9516086641663953,
        0.27743210517896477,
        -0.13218312032713053,
        -0.12083181435876353,
        0.000001359103742354373,
        0.4301299282173084,
        0.9027669936644372,
        0.1646150491432,
        0,
        0,
        0,
        1
      ],
      "fov": 50,
      "aspect": 1
    },
    {
      "camera_to_world": [
        0.38334600135888786,
        0.8337336721719038,
        -0.3974091180746913,
        -0.36474560029670744,
        -0.9236048090156032,
        0.3460456966469623,
        -0.16494402867448638,
        -0.1509886679219247,
        0.0000023243884041401763,
        0.4302796064408246,
        0.9026956631532725,
        0.16423339964947714,
        0,
        0,
        0,
        1
      ],
      "fov": 50,
      "aspect": 1
    },
    {
      "camera_to_world": [
        0.4559308625159161,
        0.8032457400793782,
        -0.38330579130744274,
        -0.3517203852680495,
        -0.8900151957122623,
        0.41148246043556863,
        -0.19635461836981183,
        -0.17994661981161886,
        0.000002599355925753111,
        0.43067210938046896,
        0.9025084676583487,
        0.16381109428898083,
        0,
        0,
        0,
        1
      ],
      "fov": 50,
      "aspect": 1
    },
    {
      "camera_to_world": [
        0.5238831932078599,
        0.7685626014598158,
        -0.367230074356195,
        -0.3369232089038721,
        -0.8517901149172784,
        0.4726960722506309,
        -0.22585841451678598,
        -0.20715169821602214,
        0.0000018831378700290284,
        0.4311263746468622,
        0.9022915543660526,
        0.16346925251273076,
        0,
        0,
        0,
        1
      ],
      "fov": 50,
      "aspect": 1
    },
    {
      "camera_to_world": [
        0.5863531313186814,
        0.7308181111961412,
        -0.34942079752138666,
        -0.3205686463956612,
        -0.8100555569791352,
        0.5289976523613912,
        -0.2529258357767345,
        -0.23204993132331334,
        8.326672684688672e-17,
        0.4313541145553634,
        0.9021827020377627,
        0.16332899377174664,
        0,
        0,
        0,
        1
      ],
      "fov": 50,
      "aspect": 1
    },
    {
      "camera_to_world": [
        0.6455273439250663,
        0.6891183471894906,
        -0.32925727298250196,
        -0.30203062900048877,
        -0.7637371591341628,
        0.5824569604594029,
        -0.2782973966282691,
        -0.2552955067377433,
        -0.0000016515610709588735,
        0.43111459355862486,
        0.9022971834257569,
        0.1633303177938204,
        0,
        0,
        0,
        1
      ],
      "fov": 50,
      "aspect": 1
    },
    {
      "camera_to_world": [
        0.7031006341001955,
        0.6417736460759478,
        -0.30622881237774996,
        -0.2808364842175886,
        -0.7110903587622144,
        0.6345616506830087,
        -0.3027903782452154,
        -0.27769638277715625,
        -0.0000018243740248224949,
        0.43064846300067006,
        0.9025197512031702,
        0.16333215831846318,
        0,
        0,
        0,
        1
      ],
      "fov": 50,
      "aspect": 1
    },
    {
      "camera_to_world": [
        0.7577262603846145,
        0.5890847779444164,
        -0.2807668761049369,
        -0.25743088160169036,
        -0.6525725356791432,
        0.6840076572907167,
        -0.3260101385616082,
        -0.2989292437001177,
        -9.169128226127476e-7,
        0.4302471954142679,
        0.9027111115065085,
        0.1633340358142733,
        0,
        0,
        0,
        1
      ],
      "fov": 50,
      "aspect": 1
    },
    {
      "camera_to_world": [
        0.8081203021581845,
        0.5317553914651256,
        -0.2533333394710134,
        -0.23225849070752483,
        -0.5890174676861857,
        0.7295582792471179,
        -0.34756746099503827,
        -0.31867077376519254,
        5.639384421662897e-7,
        0.43009408369536445,
        0.9027840711764508,
        0.16333547074984942,
        0,
        0,
        0,
        1
      ],
      "fov": 50,
      "aspect": 1
    },
    {
      "camera_to_world": [
        0.8531970457649686,
        0.4708419552342961,
        -0.22441625228373122,
        -0.2057639810898221,
        -0.521588727920585,
        0.77018887991811,
        -0.3670889376658919,
        -0.3365976572309458,
        0.0000020288263377632454,
        0.4302521847029161,
        0.9027087335094591,
        0.1633359835937899,
        0,
        0,
        0,
        1
      ],
      "fov": 50,
      "aspect": 1
    },
    {
      "camera_to_world": [
        0.8921814482589474,
        0.4076440161862044,
        -0.1945215141061491,
        -0.178392022303312,
        -0.4516771672051664,
        0.805207080559013,
        -0.3842255770288432,
        -0.3523865783559432,
        0.0000028431378317206324,
        0.43065985822364833,
        0.9025143137406209,
        0.16333509481469327,
        0,
        0,
        0,
        1
      ],
      "fov": 50,
      "aspect": 1
    },
    {
      "camera_to_world": [
        0.9246728003945179,
        0.3435564035043272,
        -0.1641621449108533,
        -0.1505872839027252,
        -0.3807626717588669,
        0.834320973142311,
        -0.39865812618071184,
        -0.3657142213987496,
        0.0000023684367325693682,
        0.4311351428334726,
        0.9022873647615551,
        0.16333232488115804,
        0,
        0,
        0,
        1
      ],
      "fov": 50,
      "aspect": 1
    },
    {
      "camera_to_world": [
        0.9506481548866588,
        0.2799161275401515,
        -0.13384710364261507,
        -0.12279443544279173,
        -0.31027098738133946,
        0.8576430313866586,
        -0.4100979701282507,
        -0.37625727061793024,
        0,
        0.43138775163051224,
        0.9021666186149717,
        0.16332719426178266,
        0,
        0,
        0,
        1
      ],
      "fov": 50,
      "aspect": 1
    },
    {
      "camera_to_world": [
        0.971249107492997,
        0.21480097551982502,
        -0.10264361699486493,
        -0.09415578574200888,
        -0.2380654766173642,
        0.876324596977575,
        -0.41878398915794046,
        -0.38418079091677737,
        -0.000006083107863846804,
        0.4311794773036192,
        0.9022661793036318,
        0.1633173313811838,
        0,
        0,
        0,
        1
      ],
      "fov": 50,
      "aspect": 1
    },
    {
      "camera_to_world": [
        0.9868333133994034,
        0.14597256066302358,
        -0.06965646487322523,
        -0.06388025805141816,
        -0.16174056801840847,
        0.8905877233323022,
        -0.42508057554641265,
        -0.3898634441504493,
        -0.000014907633799562947,
        0.43074994902294156,
        0.9024713187655858,
        0.16330217654648432,
        0,
        0,
        0,
        1
      ],
      "fov": 50,
      "aspect": 1
    },
    {
      "camera_to_world": [
        0.9965957659873943,
        0.0744269919572612,
        -0.0354612758398881,
        -0.032512443574566105,
        -0.0824431845395039,
        0.8995726412569658,
        -0.4289197878682579,
        -0.3933023100053107,
        -0.000023216032351044975,
        0.4303831850457913,
        0.9026462837074419,
        0.16328396805004203,
        0,
        0,
        0,
        1
      ],
      "fov": 50,
      "aspect": 1
    },
    {
      "camera_to_world": [
        0.9999987493237917,
        0.0014396941103125135,
        -0.0006546997182985035,
        -0.00059693351499921,
        -0.001581310304806949,
        0.9027056842411437,
        -0.4302556764255976,
        -0.3944944681677257,
        -0.00002843540609932479,
        0.43025617359847074,
        0.9027068318517536,
        0.1632649441842147,
        0,
        0,
        0,
        1
      ],
      "fov": 50,
      "aspect": 1
    },
    {
      "camera_to_world": [
        0.9968515124543237,
        -0.07155765791472829,
        0.03415499540750012,
        0.03132168092373599,
        0.07929099118697712,
        0.8997843215182499,
        -0.4290700565951081,
        -0.393436998324059,
        -0.000028881037910582365,
        0.43042731830554304,
        0.9026252394112323,
        0.1632473432413602,
        0,
        0,
        0,
        1
      ],
      "fov": 50,
      "aspect": 1
    },
    {
      "camera_to_world": [
        0.9873398520943744,
        -0.14313278269275773,
        0.0683595127607498,
        0.06269880853809298,
        0.1586190905780933,
        0.8910087046288611,
        -0.4253745083802951,
        -0.3901269801606747,
        -0.000023883842980340637,
        0.4308323279353895,
        0.9024319944656966,
        0.1632334035138363,
        0,
        0,
        0,
        1
      ],
      "fov": 50,
      "aspect": 1
    },
    {
      "camera_to_world": [
        0.9719969674671555,
        -0.21200853379636292,
        0.10136210747695795,
        0.09298985812452526,
        0.23499339361741028,
        0.8769506520196845,
        -0.4192083716702507,
        -0.3845614933639375,
        -0.000013814009036994264,
        0.43128869162055083,
        0.9022139792141365,
        0.16322536329400086,
        0,
        0,
        0,
        1
      ],
      "fov": 50,
      "aspect": 1
    },
    {
      "camera_to_world": [
        0.9516241326061228,
        -0.2771862317928479,
        0.13258696446531257,
        0.1216502384794862,
        0.30726456066660934,
        0.8584690236581958,
        -0.410632956760292,
        -0.37673761762021196,
        1.3877787807814454e-17,
        0.431507506683054,
        0.902109345742618,
        0.16322546087421158,
        0,
        0,
        0,
        1
      ],
      "fov": 50,
      "aspect": 1
    },
    {
      "camera_to_world": [
